9.465000000000000000e+03
2.672000000000000000e+03
8.158000000000000000e+03
5.146000000000000000e+03
4.544000000000000000e+03
1.349100000000000000e+04
6.136000000000000000e+03
6.640000000000000000e+03
8.276000000000000000e+03
1.096000000000000000e+04
2.867000000000000000e+03
8.413000000000000000e+03
5.040000000000000000e+03
3.331000000000000000e+03
1.390000000000000000e+02
8.930000000000000000e+02
3.735000000000000000e+03
9.452000000000000000e+03
5.394000000000000000e+03
5.510000000000000000e+03
8.998000000000000000e+03
8.454000000000000000e+03
8.535000000000000000e+03
1.184400000000000000e+04
1.266000000000000000e+04
4.257000000000000000e+03
8.560000000000000000e+02
1.303800000000000000e+04
5.286000000000000000e+03
1.265500000000000000e+04
4.010000000000000000e+02
1.328500000000000000e+04
7.030000000000000000e+03
3.660000000000000000e+02
1.011000000000000000e+03
9.543000000000000000e+03
4.430000000000000000e+02
4.409000000000000000e+03
1.118300000000000000e+04
9.387000000000000000e+03
1.577000000000000000e+03
1.225500000000000000e+04
5.501000000000000000e+03
9.272000000000000000e+03
2.380000000000000000e+03
6.203000000000000000e+03
8.096000000000000000e+03
9.509000000000000000e+03
4.290000000000000000e+02
3.348000000000000000e+03
4.346000000000000000e+03
1.321100000000000000e+04
2.007000000000000000e+03
1.189900000000000000e+04
1.230600000000000000e+04
1.327700000000000000e+04
1.271400000000000000e+04
4.795000000000000000e+03
5.042000000000000000e+03
1.099200000000000000e+04
1.290300000000000000e+04
3.419000000000000000e+03
5.061000000000000000e+03
6.080000000000000000e+03
9.800000000000000000e+01
9.117000000000000000e+03
5.300000000000000000e+02
9.920000000000000000e+03
1.949000000000000000e+03
4.000000000000000000e+01
4.935000000000000000e+03
7.048000000000000000e+03
5.298000000000000000e+03
2.441000000000000000e+03
1.194300000000000000e+04
1.158200000000000000e+04
9.233000000000000000e+03
1.203000000000000000e+03
6.206000000000000000e+03
6.589000000000000000e+03
6.420000000000000000e+03
3.538000000000000000e+03
1.028200000000000000e+04
7.092000000000000000e+03
2.541000000000000000e+03
5.608000000000000000e+03
8.954000000000000000e+03
1.231900000000000000e+04
6.514000000000000000e+03
3.640000000000000000e+03
3.831000000000000000e+03
9.004000000000000000e+03
5.891000000000000000e+03
7.190000000000000000e+03
1.023200000000000000e+04
5.995000000000000000e+03
4.953000000000000000e+03
1.308000000000000000e+04
1.246000000000000000e+03
7.140000000000000000e+03
1.129800000000000000e+04
1.229700000000000000e+04
7.824000000000000000e+03
6.211000000000000000e+03
3.271000000000000000e+03
4.099000000000000000e+03
1.103600000000000000e+04
8.039000000000000000e+03
1.797000000000000000e+03
9.192000000000000000e+03
1.059500000000000000e+04
5.104000000000000000e+03
9.700000000000000000e+02
8.200000000000000000e+01
8.956000000000000000e+03
7.640000000000000000e+02
6.300000000000000000e+01
3.697000000000000000e+03
8.883000000000000000e+03
1.352000000000000000e+03
1.199300000000000000e+04
3.778000000000000000e+03
3.059000000000000000e+03
1.170800000000000000e+04
1.085500000000000000e+04
1.100100000000000000e+04
5.191000000000000000e+03
1.344500000000000000e+04
3.197000000000000000e+03
8.452000000000000000e+03
7.580000000000000000e+03
6.929000000000000000e+03
7.000000000000000000e+01
5.268000000000000000e+03
1.682000000000000000e+03
7.017000000000000000e+03
7.015000000000000000e+03
2.012000000000000000e+03
9.520000000000000000e+03
1.196300000000000000e+04
8.178000000000000000e+03
1.052000000000000000e+04
5.142000000000000000e+03
7.842000000000000000e+03
1.326000000000000000e+04
9.992000000000000000e+03
1.270700000000000000e+04
9.126000000000000000e+03
1.519000000000000000e+03
1.253100000000000000e+04
1.275700000000000000e+04
3.617000000000000000e+03
1.035200000000000000e+04
1.665000000000000000e+03
5.343000000000000000e+03
8.964000000000000000e+03
1.334500000000000000e+04
2.033000000000000000e+03
1.177000000000000000e+04
1.206000000000000000e+03
5.393000000000000000e+03
2.072000000000000000e+03
3.112000000000000000e+03
9.764000000000000000e+03
7.568000000000000000e+03
9.061000000000000000e+03
8.310000000000000000e+02
6.939000000000000000e+03
1.094100000000000000e+04
1.370000000000000000e+03
1.185200000000000000e+04
1.063800000000000000e+04
4.750000000000000000e+03
1.126000000000000000e+03
3.158000000000000000e+03
4.497000000000000000e+03
3.842000000000000000e+03
7.794000000000000000e+03
3.227000000000000000e+03
2.744000000000000000e+03
4.129000000000000000e+03
1.286000000000000000e+03
1.292000000000000000e+03
6.219000000000000000e+03
1.090800000000000000e+04
1.056600000000000000e+04
8.771000000000000000e+03
5.220000000000000000e+03
4.857000000000000000e+03
5.604000000000000000e+03
3.606000000000000000e+03
8.044000000000000000e+03
4.219000000000000000e+03
1.220300000000000000e+04
6.122000000000000000e+03
1.686000000000000000e+03
9.620000000000000000e+03
8.136000000000000000e+03
8.272000000000000000e+03
1.038000000000000000e+04
1.039900000000000000e+04
1.319200000000000000e+04
3.549000000000000000e+03
2.749000000000000000e+03
1.079700000000000000e+04
1.543000000000000000e+03
3.354000000000000000e+03
1.221000000000000000e+04
2.770000000000000000e+03
1.620000000000000000e+02
9.416000000000000000e+03
3.390000000000000000e+03
7.870000000000000000e+03
1.096600000000000000e+04
2.087000000000000000e+03
1.085400000000000000e+04
1.112300000000000000e+04
1.297600000000000000e+04
1.260600000000000000e+04
1.251000000000000000e+03
1.222400000000000000e+04
3.664000000000000000e+03
6.717000000000000000e+03
2.021000000000000000e+03
1.216100000000000000e+04
5.751000000000000000e+03
3.520000000000000000e+03
1.007000000000000000e+04
1.325900000000000000e+04
5.827000000000000000e+03
1.352900000000000000e+04
7.138000000000000000e+03
5.428000000000000000e+03
1.322000000000000000e+04
4.488000000000000000e+03
7.628000000000000000e+03
9.417000000000000000e+03
6.948000000000000000e+03
8.002000000000000000e+03
3.055000000000000000e+03
1.005800000000000000e+04
6.010000000000000000e+03
8.024000000000000000e+03
8.463000000000000000e+03
7.238000000000000000e+03
4.865000000000000000e+03
1.333100000000000000e+04
1.330300000000000000e+04
9.467000000000000000e+03
6.740000000000000000e+03
3.380000000000000000e+03
7.489000000000000000e+03
7.736000000000000000e+03
1.298100000000000000e+04
1.348900000000000000e+04
5.149000000000000000e+03
1.035700000000000000e+04
1.312900000000000000e+04
8.622000000000000000e+03
8.037000000000000000e+03
2.562000000000000000e+03
8.814000000000000000e+03
1.100000000000000000e+03
3.847000000000000000e+03
4.861000000000000000e+03
9.349000000000000000e+03
3.253000000000000000e+03
1.504000000000000000e+03
1.152300000000000000e+04
9.713000000000000000e+03
3.395000000000000000e+03
2.844000000000000000e+03
9.198000000000000000e+03
1.182800000000000000e+04
2.874000000000000000e+03
8.066000000000000000e+03
5.737000000000000000e+03
5.523000000000000000e+03
6.600000000000000000e+01
1.171400000000000000e+04
7.180000000000000000e+02
6.477000000000000000e+03
6.706000000000000000e+03
1.947000000000000000e+03
1.078000000000000000e+03
1.810000000000000000e+03
1.772000000000000000e+03
3.788000000000000000e+03
1.294100000000000000e+04
5.970000000000000000e+02
1.186700000000000000e+04
3.302000000000000000e+03
4.867000000000000000e+03
1.165200000000000000e+04
3.053000000000000000e+03
7.469000000000000000e+03
6.248000000000000000e+03
8.370000000000000000e+03
1.117200000000000000e+04
7.191000000000000000e+03
8.694000000000000000e+03
3.666000000000000000e+03
1.337200000000000000e+04
1.353200000000000000e+04
9.899000000000000000e+03
1.856000000000000000e+03
1.281900000000000000e+04
4.892000000000000000e+03
6.235000000000000000e+03
5.374000000000000000e+03
5.281000000000000000e+03
8.169000000000000000e+03
7.442000000000000000e+03
1.124300000000000000e+04
1.300000000000000000e+01
2.081000000000000000e+03
5.681000000000000000e+03
1.062500000000000000e+04
4.757000000000000000e+03
1.255000000000000000e+04
1.271200000000000000e+04
7.578000000000000000e+03
1.319000000000000000e+03
1.016400000000000000e+04
5.378000000000000000e+03
2.293000000000000000e+03
1.730000000000000000e+03
3.019000000000000000e+03
1.434000000000000000e+03
1.032100000000000000e+04
2.400000000000000000e+01
1.111000000000000000e+04
5.363000000000000000e+03
4.885000000000000000e+03
6.405000000000000000e+03
4.251000000000000000e+03
2.223000000000000000e+03
7.583000000000000000e+03
1.046900000000000000e+04
1.136000000000000000e+03
2.077000000000000000e+03
1.012600000000000000e+04
1.145900000000000000e+04
1.234500000000000000e+04
6.230000000000000000e+02
7.044000000000000000e+03
8.728000000000000000e+03
8.661000000000000000e+03
1.913000000000000000e+03
6.172000000000000000e+03
6.685000000000000000e+03
7.058000000000000000e+03
1.128100000000000000e+04
6.618000000000000000e+03
6.730000000000000000e+03
1.181700000000000000e+04
1.034700000000000000e+04
6.010000000000000000e+02
7.902000000000000000e+03
2.566000000000000000e+03
7.555000000000000000e+03
4.255000000000000000e+03
7.961000000000000000e+03
9.920000000000000000e+02
5.464000000000000000e+03
3.648000000000000000e+03
5.255000000000000000e+03
1.200400000000000000e+04
2.164000000000000000e+03
4.247000000000000000e+03
1.038400000000000000e+04
7.385000000000000000e+03
5.724000000000000000e+03
6.506000000000000000e+03
7.161000000000000000e+03
6.853000000000000000e+03
7.885000000000000000e+03
2.052000000000000000e+03
1.065900000000000000e+04
1.287100000000000000e+04
1.324200000000000000e+04
5.360000000000000000e+02
1.278200000000000000e+04
7.770000000000000000e+02
1.934000000000000000e+03
4.204000000000000000e+03
5.947000000000000000e+03
1.332400000000000000e+04
1.081700000000000000e+04
4.879000000000000000e+03
3.690000000000000000e+02
1.050500000000000000e+04
8.989000000000000000e+03
3.556000000000000000e+03
8.490000000000000000e+03
7.988000000000000000e+03
4.261000000000000000e+03
5.338000000000000000e+03
2.898000000000000000e+03
9.705000000000000000e+03
1.276400000000000000e+04
1.149300000000000000e+04
1.128000000000000000e+04
1.299000000000000000e+03
4.570000000000000000e+03
1.187200000000000000e+04
3.814000000000000000e+03
4.481000000000000000e+03
1.506000000000000000e+03
6.184000000000000000e+03
8.561000000000000000e+03
7.523000000000000000e+03
3.073000000000000000e+03
8.258000000000000000e+03
4.473000000000000000e+03
1.986000000000000000e+03
7.504000000000000000e+03
7.085000000000000000e+03
1.335000000000000000e+04
8.243000000000000000e+03
2.784000000000000000e+03
1.021900000000000000e+04
1.173600000000000000e+04
2.395000000000000000e+03
1.352800000000000000e+04
9.533000000000000000e+03
8.408000000000000000e+03
5.295000000000000000e+03
9.880000000000000000e+03
9.428000000000000000e+03
5.990000000000000000e+03
8.638000000000000000e+03
8.779000000000000000e+03
1.019400000000000000e+04
4.367000000000000000e+03
1.037500000000000000e+04
5.560000000000000000e+02
3.990000000000000000e+02
1.182600000000000000e+04
4.528000000000000000e+03
4.000000000000000000e+03
5.463000000000000000e+03
5.106000000000000000e+03
1.050600000000000000e+04
4.050000000000000000e+02
1.189800000000000000e+04
2.300000000000000000e+02
8.224000000000000000e+03
6.490000000000000000e+02
6.842000000000000000e+03
1.215600000000000000e+04
7.900000000000000000e+03
3.089000000000000000e+03
4.474000000000000000e+03
5.897000000000000000e+03
6.174000000000000000e+03
1.314700000000000000e+04
6.904000000000000000e+03
1.266200000000000000e+04
1.225900000000000000e+04
8.427000000000000000e+03
1.050800000000000000e+04
9.412000000000000000e+03
6.812000000000000000e+03
4.679000000000000000e+03
9.709000000000000000e+03
3.674000000000000000e+03
1.095900000000000000e+04
1.080900000000000000e+04
1.047800000000000000e+04
7.527000000000000000e+03
3.850000000000000000e+02
1.017200000000000000e+04
2.799000000000000000e+03
6.629000000000000000e+03
1.189100000000000000e+04
1.191500000000000000e+04
1.973000000000000000e+03
5.284000000000000000e+03
1.663000000000000000e+03
8.549000000000000000e+03
9.164000000000000000e+03
1.056500000000000000e+04
4.571000000000000000e+03
8.240000000000000000e+03
1.099700000000000000e+04
2.363000000000000000e+03
1.110300000000000000e+04
5.316000000000000000e+03
1.083400000000000000e+04
9.075000000000000000e+03
1.028500000000000000e+04
5.526000000000000000e+03
1.176600000000000000e+04
1.014100000000000000e+04
4.913000000000000000e+03
3.432000000000000000e+03
1.109000000000000000e+03
3.500000000000000000e+01
1.124700000000000000e+04
1.240000000000000000e+02
1.275000000000000000e+03
7.270000000000000000e+02
4.980000000000000000e+02
6.698000000000000000e+03
1.142100000000000000e+04
3.163000000000000000e+03
6.918000000000000000e+03
3.926000000000000000e+03
1.153700000000000000e+04
3.375000000000000000e+03
1.163200000000000000e+04
3.000000000000000000e+01
7.680000000000000000e+02
5.759000000000000000e+03
9.404000000000000000e+03
8.763000000000000000e+03
4.749000000000000000e+03
5.728000000000000000e+03
4.385000000000000000e+03
1.596000000000000000e+03
1.261300000000000000e+04
8.492000000000000000e+03
7.261000000000000000e+03
6.116000000000000000e+03
8.194000000000000000e+03
7.402000000000000000e+03
2.008000000000000000e+03
5.210000000000000000e+03
7.187000000000000000e+03
2.113000000000000000e+03
4.320000000000000000e+03
3.120000000000000000e+02
3.612000000000000000e+03
8.752000000000000000e+03
9.657000000000000000e+03
1.154000000000000000e+04
1.300000000000000000e+03
1.356400000000000000e+04
8.753000000000000000e+03
2.260000000000000000e+03
5.607000000000000000e+03
1.034100000000000000e+04
5.594000000000000000e+03
6.744000000000000000e+03
2.018000000000000000e+03
3.178000000000000000e+03
2.818000000000000000e+03
1.259400000000000000e+04
4.589000000000000000e+03
9.200000000000000000e+01
6.111000000000000000e+03
1.224400000000000000e+04
2.840000000000000000e+02
7.207000000000000000e+03
8.513000000000000000e+03
3.932000000000000000e+03
1.497000000000000000e+03
1.330000000000000000e+03
8.676000000000000000e+03
7.561000000000000000e+03
8.100000000000000000e+01
2.651000000000000000e+03
6.026000000000000000e+03
3.015000000000000000e+03
5.121000000000000000e+03
8.299000000000000000e+03
1.100600000000000000e+04
1.780000000000000000e+03
1.076600000000000000e+04
2.396000000000000000e+03
2.459000000000000000e+03
1.313400000000000000e+04
5.610000000000000000e+03
1.016800000000000000e+04
6.655000000000000000e+03
3.654000000000000000e+03
3.003000000000000000e+03
1.093600000000000000e+04
1.104100000000000000e+04
7.098000000000000000e+03
3.777000000000000000e+03
9.300000000000000000e+03
7.135000000000000000e+03
7.841000000000000000e+03
4.452000000000000000e+03
6.689000000000000000e+03
1.005500000000000000e+04
1.242800000000000000e+04
5.795000000000000000e+03
9.532000000000000000e+03
1.028800000000000000e+04
1.008000000000000000e+03
9.242000000000000000e+03
1.140600000000000000e+04
9.578000000000000000e+03
1.703000000000000000e+03
3.579000000000000000e+03
6.182000000000000000e+03
6.928000000000000000e+03
1.248100000000000000e+04
1.067400000000000000e+04
3.887000000000000000e+03
7.189000000000000000e+03
1.266400000000000000e+04
6.608000000000000000e+03
2.922000000000000000e+03
1.243000000000000000e+04
5.387000000000000000e+03
2.790000000000000000e+02
9.904000000000000000e+03
6.881000000000000000e+03
1.343100000000000000e+04
7.239000000000000000e+03
7.313000000000000000e+03
6.228000000000000000e+03
5.505000000000000000e+03
7.964000000000000000e+03
5.220000000000000000e+02
8.460000000000000000e+03
9.472000000000000000e+03
4.882000000000000000e+03
7.125000000000000000e+03
8.140000000000000000e+03
1.022600000000000000e+04
3.428000000000000000e+03
5.613000000000000000e+03
2.510000000000000000e+02
1.283000000000000000e+03
5.565000000000000000e+03
8.573000000000000000e+03
1.416000000000000000e+03
8.866000000000000000e+03
7.113000000000000000e+03
1.019100000000000000e+04
2.390000000000000000e+03
1.163900000000000000e+04
8.339000000000000000e+03
1.369000000000000000e+03
1.213800000000000000e+04
5.623000000000000000e+03
5.867000000000000000e+03
1.287300000000000000e+04
1.073000000000000000e+03
5.156000000000000000e+03
8.001000000000000000e+03
8.059000000000000000e+03
1.128800000000000000e+04
1.277800000000000000e+04
5.323000000000000000e+03
3.911000000000000000e+03
1.112000000000000000e+03
7.436000000000000000e+03
1.926000000000000000e+03
6.071000000000000000e+03
8.807000000000000000e+03
1.195200000000000000e+04
2.912000000000000000e+03
1.058800000000000000e+04
9.940000000000000000e+03
8.160000000000000000e+02
5.925000000000000000e+03
9.656000000000000000e+03
2.728000000000000000e+03
9.825000000000000000e+03
4.490000000000000000e+02
1.910000000000000000e+03
9.525000000000000000e+03
9.422000000000000000e+03
4.132000000000000000e+03
5.060000000000000000e+02
9.793000000000000000e+03
1.054100000000000000e+04
8.863000000000000000e+03
5.933000000000000000e+03
4.616000000000000000e+03
6.742000000000000000e+03
1.170000000000000000e+04
1.072000000000000000e+04
3.798000000000000000e+03
1.128600000000000000e+04
9.135000000000000000e+03
1.176100000000000000e+04
9.127000000000000000e+03
2.563000000000000000e+03
1.321200000000000000e+04
1.217900000000000000e+04
8.264000000000000000e+03
2.480000000000000000e+03
5.504000000000000000e+03
3.748000000000000000e+03
6.531000000000000000e+03
1.275000000000000000e+04
7.486000000000000000e+03
8.101000000000000000e+03
1.013200000000000000e+04
9.025000000000000000e+03
5.777000000000000000e+03
9.977000000000000000e+03
6.143000000000000000e+03
7.010000000000000000e+03
8.075000000000000000e+03
2.089000000000000000e+03
1.262200000000000000e+04
4.928000000000000000e+03
6.947000000000000000e+03
5.534000000000000000e+03
1.077000000000000000e+03
1.140000000000000000e+03
1.833000000000000000e+03
1.280800000000000000e+04
5.190000000000000000e+03
8.962000000000000000e+03
1.202400000000000000e+04
2.804000000000000000e+03
1.791000000000000000e+03
8.489000000000000000e+03
7.804000000000000000e+03
1.060700000000000000e+04
1.067700000000000000e+04
9.674000000000000000e+03
4.378000000000000000e+03
6.649000000000000000e+03
1.024400000000000000e+04
1.512000000000000000e+03
3.860000000000000000e+02
7.575000000000000000e+03
7.576000000000000000e+03
1.193800000000000000e+04
6.573000000000000000e+03
6.318000000000000000e+03
5.119000000000000000e+03
8.386000000000000000e+03
5.850000000000000000e+02
1.670000000000000000e+03
8.300000000000000000e+03
1.223700000000000000e+04
1.650000000000000000e+03
2.123000000000000000e+03
3.435000000000000000e+03
7.730000000000000000e+02
3.424000000000000000e+03
3.205000000000000000e+03
7.372000000000000000e+03
1.309800000000000000e+04
9.321000000000000000e+03
1.245900000000000000e+04
4.717000000000000000e+03
9.761000000000000000e+03
1.305000000000000000e+04
2.107000000000000000e+03
4.724000000000000000e+03
7.310000000000000000e+03
5.967000000000000000e+03
3.064000000000000000e+03
8.806000000000000000e+03
7.644000000000000000e+03
5.652000000000000000e+03
2.198000000000000000e+03
1.220500000000000000e+04
9.074000000000000000e+03
9.477000000000000000e+03
7.213000000000000000e+03
5.130000000000000000e+02
2.473000000000000000e+03
1.096300000000000000e+04
1.441000000000000000e+03
5.108000000000000000e+03
1.825000000000000000e+03
1.754000000000000000e+03
1.882000000000000000e+03
7.889000000000000000e+03
2.977000000000000000e+03
5.226000000000000000e+03
7.397000000000000000e+03
6.526000000000000000e+03
6.611000000000000000e+03
1.750000000000000000e+02
8.698000000000000000e+03
9.314000000000000000e+03
5.637000000000000000e+03
6.805000000000000000e+03
1.113800000000000000e+04
3.020000000000000000e+02
7.888000000000000000e+03
6.991000000000000000e+03
7.746000000000000000e+03
2.283000000000000000e+03
5.976000000000000000e+03
4.517000000000000000e+03
1.061600000000000000e+04
6.357000000000000000e+03
8.783000000000000000e+03
1.139000000000000000e+04
5.144000000000000000e+03
1.040900000000000000e+04
5.032000000000000000e+03
1.419000000000000000e+03
7.408000000000000000e+03
1.105100000000000000e+04
1.284000000000000000e+03
3.192000000000000000e+03
1.099300000000000000e+04
5.794000000000000000e+03
2.183000000000000000e+03
1.263200000000000000e+04
9.622000000000000000e+03
4.183000000000000000e+03
6.859000000000000000e+03
2.481000000000000000e+03
5.080000000000000000e+02
1.126900000000000000e+04
1.270000000000000000e+02
2.855000000000000000e+03
2.046000000000000000e+03
9.470000000000000000e+02
1.100400000000000000e+04
6.895000000000000000e+03
5.161000000000000000e+03
8.650000000000000000e+03
7.003000000000000000e+03
7.432000000000000000e+03
1.057000000000000000e+04
5.653000000000000000e+03
5.331000000000000000e+03
3.865000000000000000e+03
5.921000000000000000e+03
7.590000000000000000e+02
4.926000000000000000e+03
9.646000000000000000e+03
9.978000000000000000e+03
4.306000000000000000e+03
1.232000000000000000e+03
5.186000000000000000e+03
8.280000000000000000e+02
1.099800000000000000e+04
8.874000000000000000e+03
1.298600000000000000e+04
7.529000000000000000e+03
4.416000000000000000e+03
1.224200000000000000e+04
8.906000000000000000e+03
3.638000000000000000e+03
7.881000000000000000e+03
1.020000000000000000e+03
1.202700000000000000e+04
3.686000000000000000e+03
1.311900000000000000e+04
1.102300000000000000e+04
3.330000000000000000e+03
1.196600000000000000e+04
6.810000000000000000e+02
6.401000000000000000e+03
9.288000000000000000e+03
9.104000000000000000e+03
1.175200000000000000e+04
1.140900000000000000e+04
1.091000000000000000e+04
6.305000000000000000e+03
1.496000000000000000e+03
1.254400000000000000e+04
8.486000000000000000e+03
5.643000000000000000e+03
9.689000000000000000e+03
1.048200000000000000e+04
7.737000000000000000e+03
2.628000000000000000e+03
4.469000000000000000e+03
6.572000000000000000e+03
6.110000000000000000e+02
1.073400000000000000e+04
8.088000000000000000e+03
4.196000000000000000e+03
7.510000000000000000e+02
9.400000000000000000e+02
8.320000000000000000e+02
7.134000000000000000e+03
2.078000000000000000e+03
1.142900000000000000e+04
2.065000000000000000e+03
7.082000000000000000e+03
1.115000000000000000e+04
7.415000000000000000e+03
7.168000000000000000e+03
6.861000000000000000e+03
1.160800000000000000e+04
1.140400000000000000e+04
8.981000000000000000e+03
9.244000000000000000e+03
2.213000000000000000e+03
9.451000000000000000e+03
2.035000000000000000e+03
1.094300000000000000e+04
1.181600000000000000e+04
2.540000000000000000e+02
7.696000000000000000e+03
1.129600000000000000e+04
9.837000000000000000e+03
1.647000000000000000e+03
2.510000000000000000e+03
3.854000000000000000e+03
7.840000000000000000e+02
4.419000000000000000e+03
9.976000000000000000e+03
2.747000000000000000e+03
1.236300000000000000e+04
1.039800000000000000e+04
7.990000000000000000e+02
1.131300000000000000e+04
5.120000000000000000e+03
1.288200000000000000e+04
5.213000000000000000e+03
1.070700000000000000e+04
8.250000000000000000e+02
1.134800000000000000e+04
1.125100000000000000e+04
1.186400000000000000e+04
8.729000000000000000e+03
7.057000000000000000e+03
7.257000000000000000e+03
5.591000000000000000e+03
1.027000000000000000e+03
8.666000000000000000e+03
5.487000000000000000e+03
9.860000000000000000e+02
2.206000000000000000e+03
8.325000000000000000e+03
1.680000000000000000e+03
4.766000000000000000e+03
3.980000000000000000e+02
1.215100000000000000e+04
7.507000000000000000e+03
1.737000000000000000e+03
5.840000000000000000e+02
3.482000000000000000e+03
2.208000000000000000e+03
1.219300000000000000e+04
5.308000000000000000e+03
1.316100000000000000e+04
7.671000000000000000e+03
1.842000000000000000e+03
8.911000000000000000e+03
5.830000000000000000e+02
1.760000000000000000e+02
1.087400000000000000e+04
2.135000000000000000e+03
8.902000000000000000e+03
3.186000000000000000e+03
8.144000000000000000e+03
1.265200000000000000e+04
2.321000000000000000e+03
6.560000000000000000e+02
4.266000000000000000e+03
1.166400000000000000e+04
2.376000000000000000e+03
9.776000000000000000e+03
3.440000000000000000e+02
1.237000000000000000e+04
1.131000000000000000e+03
3.268000000000000000e+03
5.473000000000000000e+03
4.518000000000000000e+03
5.358000000000000000e+03
9.005000000000000000e+03
1.225700000000000000e+04
6.880000000000000000e+03
1.781000000000000000e+03
6.926000000000000000e+03
1.168600000000000000e+04
8.183000000000000000e+03
3.763000000000000000e+03
2.137000000000000000e+03
1.162800000000000000e+04
7.497000000000000000e+03
3.960000000000000000e+03
2.937000000000000000e+03
6.743000000000000000e+03
1.821000000000000000e+03
1.768000000000000000e+03
5.937000000000000000e+03
7.315000000000000000e+03
1.364000000000000000e+03
2.715000000000000000e+03
7.312000000000000000e+03
1.145200000000000000e+04
1.100800000000000000e+04
3.937000000000000000e+03
9.256000000000000000e+03
3.593000000000000000e+03
4.747000000000000000e+03
1.171700000000000000e+04
3.369000000000000000e+03
9.350000000000000000e+03
3.400000000000000000e+02
5.884000000000000000e+03
1.271300000000000000e+04
3.869000000000000000e+03
8.800000000000000000e+02
2.780000000000000000e+02
8.805000000000000000e+03
4.360000000000000000e+02
6.428000000000000000e+03
1.281000000000000000e+04
9.376000000000000000e+03
7.858000000000000000e+03
7.740000000000000000e+02
7.104000000000000000e+03
6.838000000000000000e+03
1.280700000000000000e+04
7.743000000000000000e+03
5.200000000000000000e+01
4.444000000000000000e+03
4.030000000000000000e+03
3.281000000000000000e+03
1.183000000000000000e+03
6.874000000000000000e+03
4.144000000000000000e+03
1.267800000000000000e+04
6.533000000000000000e+03
3.573000000000000000e+03
3.320000000000000000e+02
1.283800000000000000e+04
7.773000000000000000e+03
4.110000000000000000e+02
6.012000000000000000e+03
5.107000000000000000e+03
5.978000000000000000e+03
7.604000000000000000e+03
7.559000000000000000e+03
7.796000000000000000e+03
3.325000000000000000e+03
1.020300000000000000e+04
1.041400000000000000e+04
1.232300000000000000e+04
2.656000000000000000e+03
1.159700000000000000e+04
1.165300000000000000e+04
1.207900000000000000e+04
1.239300000000000000e+04
2.661000000000000000e+03
8.788000000000000000e+03
5.597000000000000000e+03
6.943000000000000000e+03
1.261200000000000000e+04
6.983000000000000000e+03
1.345600000000000000e+04
1.102700000000000000e+04
4.210000000000000000e+03
6.337000000000000000e+03
4.150000000000000000e+03
1.083500000000000000e+04
6.933000000000000000e+03
2.354000000000000000e+03
1.153200000000000000e+04
2.572000000000000000e+03
9.232000000000000000e+03
1.289100000000000000e+04
1.111500000000000000e+04
3.036000000000000000e+03
8.780000000000000000e+03
2.530000000000000000e+03
1.630000000000000000e+03
2.982000000000000000e+03
1.076100000000000000e+04
7.744000000000000000e+03
2.393000000000000000e+03
6.778000000000000000e+03
1.129400000000000000e+04
1.096000000000000000e+03
4.541000000000000000e+03
2.409000000000000000e+03
2.537000000000000000e+03
1.820000000000000000e+03
3.646000000000000000e+03
1.691000000000000000e+03
3.930000000000000000e+02
1.055700000000000000e+04
6.297000000000000000e+03
1.342000000000000000e+03
6.762000000000000000e+03
2.483000000000000000e+03
1.360800000000000000e+04
6.888000000000000000e+03
8.251000000000000000e+03
1.052200000000000000e+04
1.151000000000000000e+04
1.041700000000000000e+04
1.241200000000000000e+04
1.058300000000000000e+04
8.265000000000000000e+03
1.042500000000000000e+04
1.799000000000000000e+03
1.144700000000000000e+04
1.115200000000000000e+04
1.148000000000000000e+04
1.122700000000000000e+04
1.009300000000000000e+04
1.120000000000000000e+02
5.100000000000000000e+01
1.307000000000000000e+03
1.801000000000000000e+03
4.326000000000000000e+03
5.994000000000000000e+03
1.210700000000000000e+04
1.493000000000000000e+03
1.248400000000000000e+04
2.706000000000000000e+03
3.734000000000000000e+03
4.244000000000000000e+03
5.843000000000000000e+03
5.614000000000000000e+03
5.138000000000000000e+03
8.524000000000000000e+03
2.461000000000000000e+03
2.240000000000000000e+02
2.932000000000000000e+03
6.057000000000000000e+03
7.605000000000000000e+03
8.148000000000000000e+03
1.300100000000000000e+04
1.156400000000000000e+04
3.625000000000000000e+03
5.627000000000000000e+03
4.932000000000000000e+03
7.203000000000000000e+03
9.171000000000000000e+03
1.630000000000000000e+02
2.649000000000000000e+03
7.126000000000000000e+03
4.512000000000000000e+03
1.306800000000000000e+04
4.108000000000000000e+03
4.500000000000000000e+03
5.496000000000000000e+03
3.582000000000000000e+03
1.093800000000000000e+04
1.319800000000000000e+04
1.270800000000000000e+04
9.984000000000000000e+03
3.367000000000000000e+03
3.624000000000000000e+03
1.177100000000000000e+04
3.361000000000000000e+03
9.757000000000000000e+03
2.842000000000000000e+03
1.338900000000000000e+04
1.004200000000000000e+04
2.794000000000000000e+03
4.489000000000000000e+03
9.174000000000000000e+03
2.880000000000000000e+03
6.570000000000000000e+03
2.465000000000000000e+03
7.900000000000000000e+01
9.414000000000000000e+03
7.690000000000000000e+03
4.014000000000000000e+03
1.092100000000000000e+04
7.606000000000000000e+03
5.150000000000000000e+03
1.208300000000000000e+04
8.850000000000000000e+02
4.058000000000000000e+03
1.206100000000000000e+04
4.323000000000000000e+03
9.654000000000000000e+03
9.000000000000000000e+02
8.927000000000000000e+03
6.953000000000000000e+03
7.500000000000000000e+01
8.406000000000000000e+03
5.707000000000000000e+03
1.341400000000000000e+04
1.351000000000000000e+03
5.206000000000000000e+03
3.099000000000000000e+03
1.041800000000000000e+04
1.332800000000000000e+04
1.743000000000000000e+03
6.081000000000000000e+03
3.431000000000000000e+03
1.320700000000000000e+04
1.694000000000000000e+03
6.521000000000000000e+03
4.963000000000000000e+03
1.202600000000000000e+04
6.003000000000000000e+03
1.307200000000000000e+04
7.632000000000000000e+03
7.843000000000000000e+03
1.256100000000000000e+04
4.510000000000000000e+02
4.292000000000000000e+03
9.580000000000000000e+02
4.755000000000000000e+03
8.831000000000000000e+03
7.579000000000000000e+03
1.064000000000000000e+03
1.198000000000000000e+03
1.046600000000000000e+04
5.787000000000000000e+03
9.363000000000000000e+03
1.158500000000000000e+04
1.355700000000000000e+04
1.946000000000000000e+03
5.700000000000000000e+02
6.525000000000000000e+03
2.458000000000000000e+03
7.896000000000000000e+03
1.198000000000000000e+04
1.094700000000000000e+04
1.288600000000000000e+04
7.344000000000000000e+03
1.133700000000000000e+04
1.290600000000000000e+04
1.273600000000000000e+04
2.603000000000000000e+03
8.857000000000000000e+03
2.408000000000000000e+03
1.238500000000000000e+04
7.719000000000000000e+03
6.624000000000000000e+03
3.830000000000000000e+02
1.297900000000000000e+04
6.930000000000000000e+02
1.009800000000000000e+04
1.331900000000000000e+04
6.632000000000000000e+03
4.022000000000000000e+03
1.261400000000000000e+04
6.419000000000000000e+03
1.531000000000000000e+03
5.085000000000000000e+03
1.142200000000000000e+04
5.475000000000000000e+03
2.664000000000000000e+03
4.180000000000000000e+02
1.157200000000000000e+04
4.580000000000000000e+03
1.219900000000000000e+04
4.715000000000000000e+03
5.030000000000000000e+03
2.723000000000000000e+03
1.183500000000000000e+04
3.492000000000000000e+03
6.440000000000000000e+03
1.080000000000000000e+04
7.956000000000000000e+03
1.204700000000000000e+04
6.892000000000000000e+03
1.147900000000000000e+04
5.589000000000000000e+03
1.324700000000000000e+04
1.014500000000000000e+04
4.176000000000000000e+03
5.647000000000000000e+03
3.749000000000000000e+03
1.359000000000000000e+04
9.778000000000000000e+03
6.488000000000000000e+03
6.900000000000000000e+03
5.615000000000000000e+03
1.348600000000000000e+04
2.716000000000000000e+03
1.048000000000000000e+03
1.902000000000000000e+03
6.610000000000000000e+02
1.240400000000000000e+04
4.507000000000000000e+03
8.966000000000000000e+03
3.362000000000000000e+03
3.878000000000000000e+03
4.698000000000000000e+03
3.212000000000000000e+03
6.766000000000000000e+03
7.290000000000000000e+03
1.002700000000000000e+04
3.382000000000000000e+03
4.320000000000000000e+02
5.497000000000000000e+03
8.517000000000000000e+03
1.344100000000000000e+04
1.170000000000000000e+03
1.240900000000000000e+04
2.755000000000000000e+03
1.316200000000000000e+04
1.332600000000000000e+04
9.338000000000000000e+03
4.509000000000000000e+03
6.145000000000000000e+03
9.784000000000000000e+03
2.474000000000000000e+03
3.425000000000000000e+03
1.253800000000000000e+04
1.310100000000000000e+04
6.498000000000000000e+03
6.690000000000000000e+02
2.599000000000000000e+03
1.104000000000000000e+04
5.402000000000000000e+03
3.698000000000000000e+03
1.396000000000000000e+03
8.696000000000000000e+03
9.575000000000000000e+03
1.041200000000000000e+04
7.688000000000000000e+03
3.279000000000000000e+03
7.122000000000000000e+03
9.794000000000000000e+03
8.065000000000000000e+03
9.544000000000000000e+03
1.102100000000000000e+04
1.150600000000000000e+04
1.141800000000000000e+04
7.055000000000000000e+03
1.118800000000000000e+04
1.279700000000000000e+04
8.572000000000000000e+03
1.583000000000000000e+03
2.314000000000000000e+03
2.359000000000000000e+03
2.522000000000000000e+03
3.400000000000000000e+01
1.296700000000000000e+04
9.303000000000000000e+03
2.554000000000000000e+03
3.179000000000000000e+03
1.304100000000000000e+04
7.410000000000000000e+02
9.747000000000000000e+03
1.121100000000000000e+04
1.230200000000000000e+04
1.940000000000000000e+03
4.548000000000000000e+03
9.792000000000000000e+03
1.054800000000000000e+04
1.013400000000000000e+04
6.159000000000000000e+03
6.942000000000000000e+03
7.817000000000000000e+03
9.530000000000000000e+02
1.320900000000000000e+04
3.171000000000000000e+03
1.197900000000000000e+04
9.873000000000000000e+03
1.149600000000000000e+04
9.466000000000000000e+03
9.177000000000000000e+03
7.780000000000000000e+02
5.033000000000000000e+03
1.120900000000000000e+04
1.282900000000000000e+04
1.021400000000000000e+04
1.328200000000000000e+04
3.320000000000000000e+03
1.210600000000000000e+04
7.939000000000000000e+03
7.997000000000000000e+03
6.202000000000000000e+03
1.043000000000000000e+03
6.775000000000000000e+03
1.346000000000000000e+04
5.919000000000000000e+03
4.025000000000000000e+03
5.877000000000000000e+03
1.130000000000000000e+02
2.513000000000000000e+03
1.024200000000000000e+04
1.012700000000000000e+04
1.238700000000000000e+04
5.948000000000000000e+03
9.136000000000000000e+03
3.408000000000000000e+03
3.460000000000000000e+03
8.980000000000000000e+03
4.145000000000000000e+03
9.604000000000000000e+03
3.260000000000000000e+02
1.055600000000000000e+04
2.545000000000000000e+03
4.615000000000000000e+03
6.784000000000000000e+03
1.227300000000000000e+04
1.228400000000000000e+04
1.355000000000000000e+03
9.671000000000000000e+03
5.351000000000000000e+03
9.237000000000000000e+03
4.312000000000000000e+03
9.399000000000000000e+03
4.302000000000000000e+03
6.921000000000000000e+03
9.542000000000000000e+03
8.281000000000000000e+03
7.084000000000000000e+03
1.029100000000000000e+04
1.159800000000000000e+04
3.488000000000000000e+03
1.411000000000000000e+03
1.157000000000000000e+03
1.047400000000000000e+04
6.280000000000000000e+02
7.036000000000000000e+03
1.119600000000000000e+04
1.709000000000000000e+03
1.010000000000000000e+02
1.282400000000000000e+04
6.360000000000000000e+03
5.050000000000000000e+02
2.575000000000000000e+03
1.642000000000000000e+03
1.346500000000000000e+04
3.985000000000000000e+03
1.054400000000000000e+04
1.149100000000000000e+04
9.546000000000000000e+03
6.839000000000000000e+03
8.969000000000000000e+03
4.325000000000000000e+03
1.285400000000000000e+04
1.870000000000000000e+03
4.923000000000000000e+03
8.374000000000000000e+03
1.223200000000000000e+04
1.870000000000000000e+02
6.901000000000000000e+03
6.132000000000000000e+03
7.765000000000000000e+03
7.948000000000000000e+03
9.182000000000000000e+03
3.447000000000000000e+03
5.315000000000000000e+03
4.451000000000000000e+03
7.890000000000000000e+02
4.318000000000000000e+03
7.715000000000000000e+03
5.477000000000000000e+03
1.161200000000000000e+04
5.221000000000000000e+03
5.414000000000000000e+03
2.556000000000000000e+03
7.197000000000000000e+03
5.657000000000000000e+03
8.772000000000000000e+03
1.346100000000000000e+04
1.070000000000000000e+03
9.130000000000000000e+02
8.419000000000000000e+03
6.133000000000000000e+03
1.003600000000000000e+04
3.339000000000000000e+03
1.054900000000000000e+04
7.522000000000000000e+03
7.662000000000000000e+03
7.582000000000000000e+03
1.068000000000000000e+03
7.621000000000000000e+03
1.337400000000000000e+04
7.047000000000000000e+03
1.018800000000000000e+04
1.090200000000000000e+04
1.430000000000000000e+02
1.261600000000000000e+04
7.665000000000000000e+03
9.802000000000000000e+03
6.258000000000000000e+03
1.346900000000000000e+04
2.650000000000000000e+03
8.579000000000000000e+03
7.640000000000000000e+03
8.099000000000000000e+03
8.800000000000000000e+03
8.400000000000000000e+02
5.181000000000000000e+03
1.012300000000000000e+04
3.011000000000000000e+03
8.697000000000000000e+03
4.286000000000000000e+03
9.929000000000000000e+03
3.278000000000000000e+03
2.156000000000000000e+03
1.124900000000000000e+04
5.309000000000000000e+03
1.294900000000000000e+04
1.046200000000000000e+04
8.973000000000000000e+03
7.856000000000000000e+03
3.501000000000000000e+03
1.267300000000000000e+04
1.905000000000000000e+03
3.314000000000000000e+03
4.949000000000000000e+03
6.700000000000000000e+01
6.149000000000000000e+03
7.360000000000000000e+02
8.717000000000000000e+03
1.333300000000000000e+04
1.382000000000000000e+03
5.370000000000000000e+03
3.936000000000000000e+03
2.153000000000000000e+03
2.501000000000000000e+03
3.983000000000000000e+03
7.629000000000000000e+03
6.414000000000000000e+03
6.349000000000000000e+03
7.860000000000000000e+02
2.343000000000000000e+03
2.400000000000000000e+02
4.942000000000000000e+03
6.695000000000000000e+03
9.157000000000000000e+03
1.633000000000000000e+03
3.185000000000000000e+03
6.445000000000000000e+03
1.148400000000000000e+04
5.857000000000000000e+03
8.870000000000000000e+02
1.031200000000000000e+04
1.267900000000000000e+04
1.157000000000000000e+04
1.336000000000000000e+04
7.362000000000000000e+03
4.677000000000000000e+03
1.306000000000000000e+04
4.977000000000000000e+03
3.409000000000000000e+03
7.353000000000000000e+03
6.702000000000000000e+03
2.800000000000000000e+02
1.325500000000000000e+04
5.588000000000000000e+03
1.044300000000000000e+04
5.908000000000000000e+03
3.060000000000000000e+02
9.547000000000000000e+03
3.780000000000000000e+03
5.416000000000000000e+03
7.488000000000000000e+03
3.769000000000000000e+03
4.329000000000000000e+03
1.225400000000000000e+04
2.974000000000000000e+03
6.760000000000000000e+03
8.191000000000000000e+03
1.130100000000000000e+04
2.792000000000000000e+03
1.030000000000000000e+04
6.903000000000000000e+03
1.206500000000000000e+04
2.022000000000000000e+03
3.849000000000000000e+03
8.532000000000000000e+03
4.284000000000000000e+03
1.174600000000000000e+04
6.316000000000000000e+03
1.003800000000000000e+04
1.084400000000000000e+04
2.777000000000000000e+03
1.126300000000000000e+04
1.151100000000000000e+04
1.354200000000000000e+04
7.556000000000000000e+03
4.239000000000000000e+03
9.286000000000000000e+03
1.159200000000000000e+04
5.598000000000000000e+03
9.241000000000000000e+03
1.010900000000000000e+04
2.766000000000000000e+03
1.015600000000000000e+04
1.347700000000000000e+04
6.973000000000000000e+03
1.940000000000000000e+02
7.316000000000000000e+03
2.960000000000000000e+02
2.578000000000000000e+03
1.953000000000000000e+03
1.315600000000000000e+04
8.547000000000000000e+03
5.285000000000000000e+03
1.172100000000000000e+04
5.386000000000000000e+03
3.508000000000000000e+03
1.217100000000000000e+04
7.639000000000000000e+03
1.004100000000000000e+04
4.891000000000000000e+03
6.179000000000000000e+03
5.520000000000000000e+03
1.204900000000000000e+04
1.185000000000000000e+04
3.972000000000000000e+03
1.248000000000000000e+03
9.563000000000000000e+03
2.630000000000000000e+03
2.752000000000000000e+03
1.106700000000000000e+04
1.084200000000000000e+04
7.928000000000000000e+03
1.315200000000000000e+04
4.564000000000000000e+03
2.753000000000000000e+03
1.928000000000000000e+03
1.335500000000000000e+04
1.061000000000000000e+04
1.029200000000000000e+04
7.910000000000000000e+02
1.335400000000000000e+04
2.781000000000000000e+03
6.856000000000000000e+03
6.990000000000000000e+03
2.034000000000000000e+03
9.080000000000000000e+02
1.322700000000000000e+04
1.197000000000000000e+03
5.278000000000000000e+03
9.841000000000000000e+03
1.478000000000000000e+03
6.330000000000000000e+02
3.235000000000000000e+03
9.637000000000000000e+03
1.227700000000000000e+04
4.427000000000000000e+03
4.392000000000000000e+03
4.510000000000000000e+03
2.400000000000000000e+03
9.588000000000000000e+03
5.237000000000000000e+03
6.270000000000000000e+03
4.368000000000000000e+03
5.835000000000000000e+03
1.238000000000000000e+03
9.455000000000000000e+03
1.287600000000000000e+04
2.951000000000000000e+03
1.134900000000000000e+04
1.351900000000000000e+04
1.215000000000000000e+03
1.270300000000000000e+04
6.457000000000000000e+03
2.856000000000000000e+03
7.151000000000000000e+03
7.014000000000000000e+03
4.379000000000000000e+03
6.583000000000000000e+03
3.438000000000000000e+03
6.351000000000000000e+03
5.459000000000000000e+03
4.844000000000000000e+03
7.951000000000000000e+03
1.040000000000000000e+04
8.992000000000000000e+03
6.598000000000000000e+03
1.253400000000000000e+04
1.134100000000000000e+04
6.549000000000000000e+03
2.644000000000000000e+03
3.603000000000000000e+03
2.337000000000000000e+03
1.024600000000000000e+04
8.584000000000000000e+03
2.978000000000000000e+03
9.517000000000000000e+03
8.565000000000000000e+03
4.254000000000000000e+03
9.849000000000000000e+03
4.621000000000000000e+03
4.739000000000000000e+03
8.162000000000000000e+03
7.931000000000000000e+03
5.928000000000000000e+03
7.664000000000000000e+03
1.298900000000000000e+04
1.191600000000000000e+04
1.421000000000000000e+03
6.060000000000000000e+02
9.208000000000000000e+03
7.958000000000000000e+03
7.233000000000000000e+03
1.199700000000000000e+04
1.354300000000000000e+04
1.106600000000000000e+04
4.568000000000000000e+03
9.497000000000000000e+03
3.567000000000000000e+03
1.166000000000000000e+04
1.206200000000000000e+04
1.354100000000000000e+04
1.323000000000000000e+04
1.249300000000000000e+04
4.762000000000000000e+03
1.018600000000000000e+04
1.229000000000000000e+04
3.224000000000000000e+03
1.223100000000000000e+04
5.359000000000000000e+03
2.006000000000000000e+03
8.518000000000000000e+03
9.541000000000000000e+03
5.196000000000000000e+03
1.466000000000000000e+03
1.620000000000000000e+03
3.913000000000000000e+03
6.323000000000000000e+03
7.494000000000000000e+03
5.472000000000000000e+03
1.114800000000000000e+04
5.310000000000000000e+02
7.364000000000000000e+03
6.382000000000000000e+03
1.794000000000000000e+03
6.265000000000000000e+03
3.378000000000000000e+03
1.074200000000000000e+04
1.261900000000000000e+04
9.881000000000000000e+03
1.098600000000000000e+04
1.108500000000000000e+04
1.169200000000000000e+04
3.018000000000000000e+03
9.700000000000000000e+01
1.300700000000000000e+04
1.208100000000000000e+04
1.264500000000000000e+04
7.992000000000000000e+03
2.199000000000000000e+03
8.636000000000000000e+03
3.719000000000000000e+03
9.047000000000000000e+03
5.480000000000000000e+02
1.169600000000000000e+04
1.256000000000000000e+04
1.487000000000000000e+03
1.130900000000000000e+04
1.031900000000000000e+04
1.346800000000000000e+04
1.283000000000000000e+04
7.230000000000000000e+03
1.097600000000000000e+04
1.002000000000000000e+04
1.318100000000000000e+04
5.689000000000000000e+03
1.120500000000000000e+04
6.544000000000000000e+03
3.061000000000000000e+03
1.046700000000000000e+04
1.226700000000000000e+04
1.025300000000000000e+04
4.849000000000000000e+03
7.450000000000000000e+03
2.446000000000000000e+03
2.905000000000000000e+03
1.507000000000000000e+03
1.137100000000000000e+04
4.580000000000000000e+02
1.850000000000000000e+02
6.691000000000000000e+03
1.015900000000000000e+04
1.111200000000000000e+04
3.618000000000000000e+03
1.328000000000000000e+03
1.237200000000000000e+04
6.692000000000000000e+03
7.458000000000000000e+03
1.108200000000000000e+04
5.201000000000000000e+03
2.916000000000000000e+03
5.217000000000000000e+03
4.703000000000000000e+03
1.118700000000000000e+04
1.220600000000000000e+04
6.703000000000000000e+03
5.768000000000000000e+03
7.753000000000000000e+03
1.121200000000000000e+04
1.864000000000000000e+03
1.280900000000000000e+04
7.365000000000000000e+03
8.000000000000000000e+00
3.041000000000000000e+03
7.224000000000000000e+03
4.819000000000000000e+03
1.248000000000000000e+04
4.268000000000000000e+03
2.671000000000000000e+03
3.126000000000000000e+03
1.514000000000000000e+03
3.986000000000000000e+03
3.886000000000000000e+03
9.548000000000000000e+03
8.630000000000000000e+02
5.763000000000000000e+03
1.056300000000000000e+04
5.136000000000000000e+03
2.703000000000000000e+03
1.217200000000000000e+04
1.274800000000000000e+04
9.186000000000000000e+03
3.810000000000000000e+03
9.756000000000000000e+03
4.626000000000000000e+03
6.582000000000000000e+03
9.479000000000000000e+03
6.575000000000000000e+03
9.309000000000000000e+03
1.959000000000000000e+03
1.351600000000000000e+04
6.751000000000000000e+03
1.231200000000000000e+04
8.102000000000000000e+03
6.400000000000000000e+03
6.970000000000000000e+02
1.066900000000000000e+04
1.048500000000000000e+04
1.122000000000000000e+03
1.023700000000000000e+04
1.203000000000000000e+04
1.139900000000000000e+04
1.046000000000000000e+04
9.983000000000000000e+03
4.212000000000000000e+03
3.467000000000000000e+03
9.612000000000000000e+03
1.341800000000000000e+04
8.401000000000000000e+03
9.590000000000000000e+02
5.441000000000000000e+03
5.445000000000000000e+03
9.030000000000000000e+03
4.950000000000000000e+02
5.253000000000000000e+03
1.029500000000000000e+04
8.154000000000000000e+03
3.040000000000000000e+03
6.045000000000000000e+03
1.292200000000000000e+04
1.088100000000000000e+04
4.569000000000000000e+03
1.262000000000000000e+04
1.152400000000000000e+04
2.397000000000000000e+03
3.685000000000000000e+03
5.553000000000000000e+03
9.865000000000000000e+03
1.235500000000000000e+04
1.672000000000000000e+03
1.031100000000000000e+04
1.366000000000000000e+03
1.254800000000000000e+04
1.299400000000000000e+04
1.088700000000000000e+04
4.931000000000000000e+03
1.068800000000000000e+04
6.503000000000000000e+03
6.196000000000000000e+03
4.673000000000000000e+03
2.277000000000000000e+03
3.267000000000000000e+03
3.862000000000000000e+03
9.251000000000000000e+03
1.086800000000000000e+04
6.536000000000000000e+03
6.723000000000000000e+03
9.184000000000000000e+03
6.820000000000000000e+02
4.238000000000000000e+03
7.449000000000000000e+03
7.756000000000000000e+03
1.236900000000000000e+04
1.245500000000000000e+04
4.166000000000000000e+03
3.844000000000000000e+03
9.854000000000000000e+03
1.172400000000000000e+04
3.870000000000000000e+02
1.056900000000000000e+04
1.311300000000000000e+04
2.228000000000000000e+03
1.026700000000000000e+04
2.296000000000000000e+03
2.115000000000000000e+03
1.315100000000000000e+04
2.695000000000000000e+03
1.453000000000000000e+03
3.008000000000000000e+03
1.155200000000000000e+04
3.258000000000000000e+03
4.997000000000000000e+03
9.340000000000000000e+02
1.046000000000000000e+03
1.067500000000000000e+04
1.181900000000000000e+04
3.627000000000000000e+03
7.745000000000000000e+03
1.081900000000000000e+04
9.752000000000000000e+03
3.141000000000000000e+03
6.817000000000000000e+03
1.064700000000000000e+04
7.802000000000000000e+03
4.087000000000000000e+03
1.469000000000000000e+03
8.865000000000000000e+03
6.106000000000000000e+03
3.277000000000000000e+03
1.292300000000000000e+04
8.187000000000000000e+03
1.192000000000000000e+04
1.247600000000000000e+04
1.226200000000000000e+04
4.649000000000000000e+03
3.265000000000000000e+03
5.767000000000000000e+03
2.247000000000000000e+03
7.971000000000000000e+03
8.453000000000000000e+03
1.285200000000000000e+04
1.347800000000000000e+04
4.256000000000000000e+03
3.930000000000000000e+03
3.600000000000000000e+03
3.693000000000000000e+03
9.374000000000000000e+03
3.201000000000000000e+03
9.617000000000000000e+03
1.817000000000000000e+03
4.034000000000000000e+03
8.849000000000000000e+03
1.028100000000000000e+04
2.364000000000000000e+03
9.703000000000000000e+03
1.215400000000000000e+04
7.493000000000000000e+03
1.753000000000000000e+03
9.762000000000000000e+03
8.700000000000000000e+02
2.593000000000000000e+03
5.413000000000000000e+03
7.173000000000000000e+03
8.730000000000000000e+03
5.041000000000000000e+03
2.552000000000000000e+03
6.338000000000000000e+03
8.635000000000000000e+03
7.876000000000000000e+03
1.006100000000000000e+04
1.526000000000000000e+03
5.600000000000000000e+03
5.998000000000000000e+03
5.788000000000000000e+03
6.181000000000000000e+03
1.101300000000000000e+04
5.784000000000000000e+03
3.046000000000000000e+03
3.509000000000000000e+03
1.602000000000000000e+03
2.542000000000000000e+03
6.813000000000000000e+03
1.110000000000000000e+02
4.810000000000000000e+02
1.265600000000000000e+04
1.705000000000000000e+03
2.175000000000000000e+03
1.103000000000000000e+03
4.494000000000000000e+03
1.257000000000000000e+03
4.137000000000000000e+03
1.195400000000000000e+04
4.047000000000000000e+03
2.940000000000000000e+02
1.095500000000000000e+04
6.370000000000000000e+03
5.651000000000000000e+03
1.002400000000000000e+04
4.898000000000000000e+03
3.232000000000000000e+03
3.682000000000000000e+03
5.630000000000000000e+02
3.142000000000000000e+03
7.250000000000000000e+03
1.359200000000000000e+04
6.063000000000000000e+03
1.993000000000000000e+03
4.680000000000000000e+03
1.262900000000000000e+04
9.160000000000000000e+03
4.647000000000000000e+03
5.984000000000000000e+03
7.480000000000000000e+03
1.922000000000000000e+03
3.233000000000000000e+03
5.056000000000000000e+03
1.146700000000000000e+04
5.658000000000000000e+03
5.940000000000000000e+03
7.830000000000000000e+03
6.875000000000000000e+03
7.855000000000000000e+03
8.983000000000000000e+03
5.265000000000000000e+03
7.452000000000000000e+03
3.826000000000000000e+03
3.164000000000000000e+03
4.140000000000000000e+03
9.614000000000000000e+03
8.994000000000000000e+03
7.975000000000000000e+03
4.026000000000000000e+03
6.749000000000000000e+03
4.112000000000000000e+03
4.252000000000000000e+03
2.582000000000000000e+03
9.147000000000000000e+03
7.209000000000000000e+03
1.114700000000000000e+04
6.387000000000000000e+03
2.000000000000000000e+03
2.754000000000000000e+03
3.246000000000000000e+03
1.219600000000000000e+04
8.121000000000000000e+03
6.886000000000000000e+03
9.577000000000000000e+03
9.161000000000000000e+03
9.840000000000000000e+02
2.266000000000000000e+03
1.177700000000000000e+04
1.199800000000000000e+04
1.328100000000000000e+04
5.571000000000000000e+03
1.264800000000000000e+04
6.034000000000000000e+03
7.220000000000000000e+02
3.928000000000000000e+03
3.897000000000000000e+03
9.590000000000000000e+03
1.199100000000000000e+04
8.977000000000000000e+03
3.819000000000000000e+03
2.438000000000000000e+03
7.699000000000000000e+03
2.138000000000000000e+03
3.732000000000000000e+03
1.256200000000000000e+04
1.203100000000000000e+04
3.221000000000000000e+03
1.337800000000000000e+04
8.245000000000000000e+03
1.250700000000000000e+04
4.559000000000000000e+03
6.009000000000000000e+03
2.059000000000000000e+03
1.834000000000000000e+03
9.108000000000000000e+03
1.342800000000000000e+04
5.354000000000000000e+03
3.810000000000000000e+02
7.617000000000000000e+03
1.254500000000000000e+04
5.179000000000000000e+03
1.259200000000000000e+04
1.617000000000000000e+03
2.604000000000000000e+03
2.667000000000000000e+03
7.908000000000000000e+03
8.685000000000000000e+03
9.510000000000000000e+02
1.207600000000000000e+04
3.750000000000000000e+02
9.260000000000000000e+03
1.056700000000000000e+04
1.107600000000000000e+04
1.636000000000000000e+03
2.165000000000000000e+03
1.156100000000000000e+04
1.144300000000000000e+04
1.198800000000000000e+04
4.161000000000000000e+03
3.298000000000000000e+03
1.143400000000000000e+04
1.960000000000000000e+02
5.073000000000000000e+03
2.249000000000000000e+03
1.900000000000000000e+02
1.287400000000000000e+04
3.344000000000000000e+03
4.303000000000000000e+03
3.334000000000000000e+03
1.178700000000000000e+04
9.267000000000000000e+03
4.128000000000000000e+03
1.312600000000000000e+04
8.459000000000000000e+03
5.758000000000000000e+03
1.319100000000000000e+04
6.679000000000000000e+03
1.267100000000000000e+04
5.911000000000000000e+03
7.818000000000000000e+03
4.831000000000000000e+03
3.904000000000000000e+03
2.710000000000000000e+03
5.460000000000000000e+02
8.795000000000000000e+03
7.500000000000000000e+03
7.090000000000000000e+02
1.248300000000000000e+04
2.815000000000000000e+03
2.291000000000000000e+03
7.157000000000000000e+03
6.167000000000000000e+03
3.650000000000000000e+02
1.601000000000000000e+03
1.121000000000000000e+03
5.687000000000000000e+03
1.205000000000000000e+04
1.239400000000000000e+04
1.582000000000000000e+03
9.333000000000000000e+03
2.497000000000000000e+03
2.785000000000000000e+03
5.569000000000000000e+03
1.261100000000000000e+04
1.133200000000000000e+04
8.895000000000000000e+03
7.412000000000000000e+03
4.370000000000000000e+02
8.715000000000000000e+03
1.942000000000000000e+03
5.977000000000000000e+03
8.046000000000000000e+03
3.303000000000000000e+03
1.046100000000000000e+04
1.623000000000000000e+03
4.573000000000000000e+03
1.020800000000000000e+04
5.238000000000000000e+03
9.819000000000000000e+03
1.160100000000000000e+04
1.212900000000000000e+04
8.916000000000000000e+03
3.557000000000000000e+03
1.771000000000000000e+03
7.560000000000000000e+03
1.009600000000000000e+04
9.997000000000000000e+03
6.310000000000000000e+03
1.774000000000000000e+03
6.994000000000000000e+03
4.433000000000000000e+03
9.618000000000000000e+03
9.593000000000000000e+03
2.925000000000000000e+03
1.340900000000000000e+04
1.099500000000000000e+04
9.993000000000000000e+03
1.139000000000000000e+03
6.580000000000000000e+02
8.652000000000000000e+03
4.358000000000000000e+03
5.593000000000000000e+03
9.527000000000000000e+03
9.371000000000000000e+03
1.331100000000000000e+04
5.564000000000000000e+03
1.343500000000000000e+04
5.470000000000000000e+03
1.280000000000000000e+03
8.457000000000000000e+03
1.131200000000000000e+04
9.870000000000000000e+03
7.051000000000000000e+03
1.306500000000000000e+04
1.109900000000000000e+04
1.027700000000000000e+04
4.842000000000000000e+03
1.195600000000000000e+04
1.513000000000000000e+03
3.347000000000000000e+03
9.036000000000000000e+03
6.333000000000000000e+03
1.347500000000000000e+04
2.268000000000000000e+03
1.160600000000000000e+04
1.010400000000000000e+04
2.512000000000000000e+03
2.410000000000000000e+03
1.106800000000000000e+04
6.800000000000000000e+02
1.033900000000000000e+04
3.630000000000000000e+02
3.882000000000000000e+03
1.198300000000000000e+04
6.399000000000000000e+03
1.050900000000000000e+04
1.588000000000000000e+03
7.234000000000000000e+03
7.738000000000000000e+03
7.953000000000000000e+03
4.915000000000000000e+03
1.227800000000000000e+04
1.059000000000000000e+04
3.713000000000000000e+03
3.581000000000000000e+03
3.679000000000000000e+03
6.479000000000000000e+03
9.974000000000000000e+03
3.423000000000000000e+03
5.583000000000000000e+03
1.030300000000000000e+04
1.808000000000000000e+03
1.226000000000000000e+03
1.145600000000000000e+04
1.272000000000000000e+04
8.025000000000000000e+03
7.374000000000000000e+03
1.180000000000000000e+02
1.222800000000000000e+04
1.331000000000000000e+03
1.433000000000000000e+03
5.048000000000000000e+03
1.037700000000000000e+04
8.156000000000000000e+03
4.624000000000000000e+03
5.495000000000000000e+03
5.171000000000000000e+03
9.585000000000000000e+03
2.347000000000000000e+03
4.890000000000000000e+03
1.195300000000000000e+04
3.352000000000000000e+03
4.116000000000000000e+03
2.882000000000000000e+03
6.889000000000000000e+03
2.462000000000000000e+03
3.172000000000000000e+03
7.570000000000000000e+02
6.803000000000000000e+03
2.130000000000000000e+02
6.329000000000000000e+03
5.579000000000000000e+03
7.776000000000000000e+03
1.038300000000000000e+04
6.378000000000000000e+03
1.081000000000000000e+03
3.340000000000000000e+02
1.295000000000000000e+03
2.810000000000000000e+02
8.931000000000000000e+03
9.129000000000000000e+03
1.168800000000000000e+04
4.708000000000000000e+03
8.574000000000000000e+03
1.233300000000000000e+04
1.255700000000000000e+04
8.444000000000000000e+03
8.428000000000000000e+03
5.696000000000000000e+03
3.643000000000000000e+03
4.883000000000000000e+03
5.760000000000000000e+02
4.065000000000000000e+03
1.084700000000000000e+04
1.297800000000000000e+04
6.546000000000000000e+03
9.807000000000000000e+03
2.360000000000000000e+03
1.012900000000000000e+04
1.045100000000000000e+04
1.294200000000000000e+04
7.687000000000000000e+03
8.372000000000000000e+03
1.376000000000000000e+03
1.277000000000000000e+03
1.196100000000000000e+04
8.199000000000000000e+03
7.460000000000000000e+03
5.223000000000000000e+03
6.286000000000000000e+03
1.253200000000000000e+04
1.158400000000000000e+04
1.270200000000000000e+04
9.843000000000000000e+03
1.352600000000000000e+04
2.024000000000000000e+03
2.094000000000000000e+03
6.046000000000000000e+03
9.698000000000000000e+03
5.711000000000000000e+03
2.090000000000000000e+02
6.135000000000000000e+03
8.609000000000000000e+03
7.440000000000000000e+03
7.375000000000000000e+03
8.132000000000000000e+03
1.347000000000000000e+04
4.188000000000000000e+03
1.184100000000000000e+04
1.280400000000000000e+04
4.655000000000000000e+03
8.601000000000000000e+03
2.079000000000000000e+03
1.240100000000000000e+04
6.407000000000000000e+03
9.697000000000000000e+03
7.793000000000000000e+03
4.547000000000000000e+03
1.300600000000000000e+04
1.278700000000000000e+04
8.346000000000000000e+03
2.997000000000000000e+03
1.374000000000000000e+03
1.580000000000000000e+03
4.258000000000000000e+03
3.712000000000000000e+03
5.889000000000000000e+03
4.337000000000000000e+03
8.879000000000000000e+03
2.369000000000000000e+03
1.338800000000000000e+04
6.461000000000000000e+03
3.701000000000000000e+03
2.889000000000000000e+03
8.204000000000000000e+03
1.134400000000000000e+04
9.818000000000000000e+03
4.526000000000000000e+03
4.653000000000000000e+03
1.265000000000000000e+03
6.760000000000000000e+02
8.078000000000000000e+03
9.125000000000000000e+03
6.353000000000000000e+03
1.337900000000000000e+04
1.101600000000000000e+04
1.923000000000000000e+03
4.531000000000000000e+03
1.225000000000000000e+03
5.043000000000000000e+03
5.328000000000000000e+03
3.994000000000000000e+03
3.757000000000000000e+03
1.342700000000000000e+04
2.820000000000000000e+03
1.282200000000000000e+04
9.057000000000000000e+03
1.308600000000000000e+04
7.698000000000000000e+03
6.233000000000000000e+03
3.665000000000000000e+03
1.275800000000000000e+04
6.036000000000000000e+03
1.277300000000000000e+04
9.065000000000000000e+03
2.197000000000000000e+03
5.275000000000000000e+03
3.875000000000000000e+03
1.200500000000000000e+04
8.174000000000000000e+03
2.654000000000000000e+03
9.582000000000000000e+03
1.345400000000000000e+04
3.840000000000000000e+02
7.182000000000000000e+03
6.764000000000000000e+03
1.356600000000000000e+04
9.499000000000000000e+03
1.238200000000000000e+04
3.678000000000000000e+03
7.643000000000000000e+03
6.342000000000000000e+03
8.026000000000000000e+03
1.337600000000000000e+04
7.979000000000000000e+03
1.300400000000000000e+04
2.674000000000000000e+03
8.829000000000000000e+03
2.700000000000000000e+01
9.545000000000000000e+03
5.580000000000000000e+03
2.239000000000000000e+03
1.437000000000000000e+03
1.311200000000000000e+04
6.891000000000000000e+03
1.043000000000000000e+04
1.628000000000000000e+03
6.467000000000000000e+03
9.069000000000000000e+03
2.614000000000000000e+03
7.708000000000000000e+03
1.274200000000000000e+04
2.373000000000000000e+03
2.160000000000000000e+03
1.003300000000000000e+04
5.799000000000000000e+03
1.286300000000000000e+04
1.128400000000000000e+04
1.318700000000000000e+04
9.900000000000000000e+02
1.008400000000000000e+04
5.684000000000000000e+03
2.134000000000000000e+03
4.045000000000000000e+03
1.097800000000000000e+04
1.061800000000000000e+04
7.716000000000000000e+03
1.004800000000000000e+04
7.637000000000000000e+03
8.329000000000000000e+03
4.805000000000000000e+03
4.484000000000000000e+03
1.023400000000000000e+04
3.765000000000000000e+03
1.269500000000000000e+04
1.508000000000000000e+03
1.353900000000000000e+04
6.967000000000000000e+03
1.105900000000000000e+04
1.039600000000000000e+04
7.700000000000000000e+01
9.714000000000000000e+03
8.545000000000000000e+03
8.520000000000000000e+02
9.095000000000000000e+03
1.007500000000000000e+04
8.615000000000000000e+03
8.384000000000000000e+03
1.048900000000000000e+04
1.272200000000000000e+04
9.062000000000000000e+03
4.287000000000000000e+03
1.554000000000000000e+03
1.227100000000000000e+04
5.747000000000000000e+03
9.339000000000000000e+03
8.202000000000000000e+03
8.098000000000000000e+03
1.956000000000000000e+03
1.234700000000000000e+04
5.685000000000000000e+03
1.400000000000000000e+01
2.852000000000000000e+03
4.075000000000000000e+03
4.696000000000000000e+03
8.274000000000000000e+03
1.219000000000000000e+04
6.872000000000000000e+03
3.332000000000000000e+03
2.433000000000000000e+03
1.234000000000000000e+03
9.906000000000000000e+03
1.013000000000000000e+04
1.289900000000000000e+04
1.233900000000000000e+04
1.279100000000000000e+04
1.890000000000000000e+02
1.127300000000000000e+04
4.459000000000000000e+03
1.340400000000000000e+04
1.718000000000000000e+03
9.083000000000000000e+03
5.111000000000000000e+03
1.162400000000000000e+04
1.330400000000000000e+04
9.539000000000000000e+03
2.850000000000000000e+02
8.629000000000000000e+03
8.900000000000000000e+02
8.344000000000000000e+03
9.101000000000000000e+03
1.246400000000000000e+04
3.391000000000000000e+03
1.308100000000000000e+04
9.283000000000000000e+03
1.228900000000000000e+04
1.149500000000000000e+04
1.201800000000000000e+04
5.769000000000000000e+03
3.797000000000000000e+03
8.215000000000000000e+03
1.230000000000000000e+02
1.111800000000000000e+04
5.168000000000000000e+03
8.544000000000000000e+03
9.332000000000000000e+03
1.330800000000000000e+04
1.167600000000000000e+04
1.016000000000000000e+03
2.455000000000000000e+03
9.110000000000000000e+03
1.311800000000000000e+04
5.853000000000000000e+03
9.482000000000000000e+03
1.648000000000000000e+03
6.894000000000000000e+03
5.256000000000000000e+03
7.050000000000000000e+02
7.300000000000000000e+02
1.139500000000000000e+04
6.347000000000000000e+03
1.357300000000000000e+04
1.240300000000000000e+04
3.168000000000000000e+03
8.223000000000000000e+03
8.623000000000000000e+03
1.284400000000000000e+04
6.481000000000000000e+03
6.917000000000000000e+03
2.172000000000000000e+03
1.280000000000000000e+04
8.017000000000000000e+03
6.440000000000000000e+02
1.144400000000000000e+04
2.843000000000000000e+03
7.285000000000000000e+03
8.380000000000000000e+02
1.263800000000000000e+04
6.735000000000000000e+03
6.359000000000000000e+03
6.123000000000000000e+03
7.760000000000000000e+02
6.281000000000000000e+03
6.642000000000000000e+03
7.427000000000000000e+03
8.928000000000000000e+03
1.104900000000000000e+04
9.173000000000000000e+03
1.191900000000000000e+04
1.259700000000000000e+04
6.015000000000000000e+03
7.944000000000000000e+03
1.350100000000000000e+04
9.803000000000000000e+03
7.714000000000000000e+03
6.570000000000000000e+02
4.340000000000000000e+02
2.899000000000000000e+03
1.082000000000000000e+03
4.798000000000000000e+03
1.277200000000000000e+04
7.697000000000000000e+03
8.522000000000000000e+03
1.326000000000000000e+03
1.186900000000000000e+04
7.790000000000000000e+03
1.286200000000000000e+04
3.566000000000000000e+03
1.165500000000000000e+04
8.610000000000000000e+02
8.777000000000000000e+03
3.893000000000000000e+03
7.560000000000000000e+02
7.977000000000000000e+03
3.368000000000000000e+03
6.238000000000000000e+03
6.523000000000000000e+03
1.035400000000000000e+04
7.513000000000000000e+03
3.358000000000000000e+03
4.148000000000000000e+03
6.028000000000000000e+03
5.427000000000000000e+03
7.331000000000000000e+03
1.103100000000000000e+04
1.017900000000000000e+04
5.340000000000000000e+03
8.256000000000000000e+03
8.550000000000000000e+02
1.529000000000000000e+03
3.808000000000000000e+03
2.305000000000000000e+03
2.872000000000000000e+03
3.574000000000000000e+03
5.719000000000000000e+03
7.868000000000000000e+03
1.931000000000000000e+03
9.640000000000000000e+02
1.117900000000000000e+04
7.284000000000000000e+03
1.173800000000000000e+04
1.216400000000000000e+04
1.200600000000000000e+04
1.114000000000000000e+04
5.133000000000000000e+03
1.015400000000000000e+04
4.300000000000000000e+02
1.021500000000000000e+04
9.315000000000000000e+03
8.038000000000000000e+03
1.137700000000000000e+04
1.187500000000000000e+04
6.863000000000000000e+03
7.680000000000000000e+03
5.360000000000000000e+03
1.063400000000000000e+04
1.379000000000000000e+03
1.172900000000000000e+04
5.756000000000000000e+03
2.298000000000000000e+03
9.348000000000000000e+03
4.090000000000000000e+02
5.514000000000000000e+03
1.069600000000000000e+04
8.366000000000000000e+03
8.947000000000000000e+03
9.361000000000000000e+03
3.981000000000000000e+03
7.390000000000000000e+03
7.330000000000000000e+02
1.000000000000000000e+02
1.800000000000000000e+03
4.270000000000000000e+02
1.143000000000000000e+04
9.445000000000000000e+03
3.449000000000000000e+03
1.326500000000000000e+04
1.144000000000000000e+04
1.492000000000000000e+03
1.316000000000000000e+03
9.400000000000000000e+01
9.688000000000000000e+03
9.559000000000000000e+03
1.061400000000000000e+04
6.919000000000000000e+03
9.290000000000000000e+02
8.521000000000000000e+03
1.976000000000000000e+03
8.201000000000000000e+03
1.202300000000000000e+04
1.007200000000000000e+04
5.856000000000000000e+03
4.044000000000000000e+03
1.068300000000000000e+04
7.443000000000000000e+03
8.624000000000000000e+03
1.275100000000000000e+04
7.622000000000000000e+03
1.190700000000000000e+04
5.710000000000000000e+03
4.280000000000000000e+02
5.544000000000000000e+03
4.633000000000000000e+03
5.483000000000000000e+03
8.213000000000000000e+03
2.933000000000000000e+03
5.356000000000000000e+03
1.307100000000000000e+04
4.841000000000000000e+03
1.060100000000000000e+04
3.187000000000000000e+03
4.001000000000000000e+03
6.082000000000000000e+03
2.821000000000000000e+03
1.153000000000000000e+04
3.355000000000000000e+03
8.634000000000000000e+03
6.885000000000000000e+03
1.336300000000000000e+04
1.313300000000000000e+04
5.927000000000000000e+03
6.023000000000000000e+03
9.831000000000000000e+03
1.110600000000000000e+04
5.294000000000000000e+03
1.917000000000000000e+03
1.298800000000000000e+04
7.235000000000000000e+03
1.301100000000000000e+04
6.403000000000000000e+03
2.000000000000000000e+01
9.235000000000000000e+03
9.832000000000000000e+03
1.239700000000000000e+04
7.337000000000000000e+03
3.768000000000000000e+03
8.295000000000000000e+03
9.299000000000000000e+03
3.004000000000000000e+03
1.257300000000000000e+04
1.009500000000000000e+04
3.836000000000000000e+03
1.199200000000000000e+04
1.022200000000000000e+04
4.790000000000000000e+02
5.199000000000000000e+03
2.993000000000000000e+03
1.331200000000000000e+04
1.348000000000000000e+04
1.136400000000000000e+04
2.688000000000000000e+03
1.351800000000000000e+04
4.868000000000000000e+03
4.888000000000000000e+03
8.083000000000000000e+03
1.205100000000000000e+04
4.550000000000000000e+02
9.106000000000000000e+03
6.930000000000000000e+03
1.007000000000000000e+03
3.630000000000000000e+03
1.921000000000000000e+03
9.473000000000000000e+03
7.980000000000000000e+02
2.045000000000000000e+03
1.230800000000000000e+04
9.710000000000000000e+03
3.947000000000000000e+03
1.229500000000000000e+04
8.314000000000000000e+03
1.337000000000000000e+03
1.124000000000000000e+04
2.742000000000000000e+03
1.262100000000000000e+04
8.369000000000000000e+03
6.176000000000000000e+03
1.853000000000000000e+03
5.533000000000000000e+03
1.282700000000000000e+04
9.720000000000000000e+03
9.181000000000000000e+03
1.147500000000000000e+04
1.462000000000000000e+03
8.014000000000000000e+03
8.751000000000000000e+03
7.923000000000000000e+03
4.951000000000000000e+03
1.889000000000000000e+03
8.617000000000000000e+03
8.180000000000000000e+03
5.783000000000000000e+03
7.692000000000000000e+03
1.216900000000000000e+04
1.271100000000000000e+04
2.350000000000000000e+03
7.008000000000000000e+03
1.032900000000000000e+04
1.222000000000000000e+03
1.125300000000000000e+04
1.163500000000000000e+04
1.322600000000000000e+04
5.646000000000000000e+03
8.007000000000000000e+03
3.874000000000000000e+03
8.516000000000000000e+03
1.015000000000000000e+04
4.283000000000000000e+03
5.842000000000000000e+03
1.285500000000000000e+04
1.340200000000000000e+04
8.929000000000000000e+03
4.437000000000000000e+03
1.291300000000000000e+04
3.636000000000000000e+03
4.678000000000000000e+03
2.490000000000000000e+02
4.491000000000000000e+03
1.336200000000000000e+04
2.877000000000000000e+03
2.299000000000000000e+03
3.660000000000000000e+03
8.289000000000000000e+03
5.546000000000000000e+03
4.067000000000000000e+03
5.702000000000000000e+03
1.183900000000000000e+04
2.935000000000000000e+03
5.447000000000000000e+03
8.913000000000000000e+03
8.984000000000000000e+03
7.775000000000000000e+03
5.437000000000000000e+03
5.631000000000000000e+03
1.072900000000000000e+04
7.167000000000000000e+03
7.968000000000000000e+03
1.080000000000000000e+03
8.326000000000000000e+03
8.656000000000000000e+03
8.473000000000000000e+03
8.878000000000000000e+03
7.070000000000000000e+02
1.036600000000000000e+04
6.327000000000000000e+03
1.403000000000000000e+03
9.579000000000000000e+03
6.610000000000000000e+03
1.309200000000000000e+04
1.650000000000000000e+02
1.034600000000000000e+04
2.841000000000000000e+03
1.138200000000000000e+04
1.245200000000000000e+04
9.954000000000000000e+03
2.570000000000000000e+03
1.340000000000000000e+04
4.260000000000000000e+02
1.003500000000000000e+04
4.609000000000000000e+03
8.134000000000000000e+03
6.713000000000000000e+03
1.209600000000000000e+04
1.180300000000000000e+04
1.172200000000000000e+04
5.433000000000000000e+03
5.660000000000000000e+03
4.350000000000000000e+02
9.940000000000000000e+02
5.370000000000000000e+02
1.278000000000000000e+04
1.264700000000000000e+04
3.240000000000000000e+02
1.990000000000000000e+03
6.741000000000000000e+03
1.710000000000000000e+03
1.233100000000000000e+04
2.381000000000000000e+03
7.133000000000000000e+03
2.846000000000000000e+03
1.133300000000000000e+04
8.383000000000000000e+03
4.700000000000000000e+01
3.695000000000000000e+03
2.073000000000000000e+03
1.079100000000000000e+04
1.147100000000000000e+04
8.465000000000000000e+03
1.306300000000000000e+04
9.160000000000000000e+02
9.771000000000000000e+03
1.154500000000000000e+04
9.093000000000000000e+03
1.082100000000000000e+04
3.069000000000000000e+03
1.159400000000000000e+04
3.756000000000000000e+03
9.393000000000000000e+03
6.141000000000000000e+03
8.670000000000000000e+03
7.865000000000000000e+03
1.125200000000000000e+04
6.958000000000000000e+03
6.411000000000000000e+03
8.365000000000000000e+03
1.197200000000000000e+04
8.190000000000000000e+03
5.036000000000000000e+03
8.081000000000000000e+03
2.185000000000000000e+03
5.650000000000000000e+02
1.087800000000000000e+04
8.766000000000000000e+03
1.790000000000000000e+03
1.180600000000000000e+04
9.178000000000000000e+03
9.678000000000000000e+03
2.896000000000000000e+03
7.549000000000000000e+03
8.583000000000000000e+03
8.170000000000000000e+02
1.629000000000000000e+03
1.000500000000000000e+04
4.785000000000000000e+03
1.242200000000000000e+04
1.303400000000000000e+04
5.557000000000000000e+03
1.764000000000000000e+03
1.241800000000000000e+04
1.307400000000000000e+04
1.327800000000000000e+04
7.879000000000000000e+03
5.112000000000000000e+03
3.587000000000000000e+03
4.372000000000000000e+03
1.147300000000000000e+04
3.429000000000000000e+03
4.662000000000000000e+03
4.870000000000000000e+03
2.880000000000000000e+02
1.064900000000000000e+04
1.303500000000000000e+04
6.200000000000000000e+01
1.143700000000000000e+04
9.462000000000000000e+03
3.261000000000000000e+03
5.982000000000000000e+03
1.220800000000000000e+04
7.703000000000000000e+03
1.619000000000000000e+03
8.675000000000000000e+03
1.023000000000000000e+04
4.610000000000000000e+03
4.833000000000000000e+03
3.787000000000000000e+03
1.167800000000000000e+04
9.591000000000000000e+03
1.244800000000000000e+04
1.026000000000000000e+04
4.051000000000000000e+03
5.150000000000000000e+02
6.954000000000000000e+03
1.332500000000000000e+04
1.231400000000000000e+04
5.590000000000000000e+02
4.925000000000000000e+03
6.768000000000000000e+03
8.500000000000000000e+03
1.560000000000000000e+03
1.055300000000000000e+04
4.670000000000000000e+03
1.297100000000000000e+04
6.482000000000000000e+03
7.075000000000000000e+03
5.677000000000000000e+03
1.265300000000000000e+04
1.017600000000000000e+04
7.784000000000000000e+03
5.524000000000000000e+03
2.984000000000000000e+03
1.115500000000000000e+04
4.982000000000000000e+03
1.226500000000000000e+04
5.292000000000000000e+03
1.300000000000000000e+04
1.139600000000000000e+04
1.344600000000000000e+04
4.277000000000000000e+03
7.762000000000000000e+03
6.733000000000000000e+03
8.778000000000000000e+03
9.121000000000000000e+03
1.025900000000000000e+04
5.810000000000000000e+02
2.737000000000000000e+03
1.127800000000000000e+04
2.423000000000000000e+03
1.186000000000000000e+04
9.166000000000000000e+03
1.065600000000000000e+04
4.979000000000000000e+03
7.288000000000000000e+03
5.527000000000000000e+03
7.196000000000000000e+03
3.561000000000000000e+03
2.919000000000000000e+03
2.362000000000000000e+03
1.123800000000000000e+04
1.257100000000000000e+04
1.051600000000000000e+04
5.836000000000000000e+03
5.093000000000000000e+03
1.133800000000000000e+04
5.008000000000000000e+03
3.762000000000000000e+03
2.608000000000000000e+03
9.291000000000000000e+03
2.838000000000000000e+03
2.348000000000000000e+03
3.196000000000000000e+03
5.847000000000000000e+03
2.019000000000000000e+03
7.492000000000000000e+03
1.076800000000000000e+04
9.810000000000000000e+02
1.236200000000000000e+04
2.140000000000000000e+03
1.122900000000000000e+04
9.296000000000000000e+03
5.620000000000000000e+03
4.098000000000000000e+03
4.810000000000000000e+03
1.323100000000000000e+04
1.073300000000000000e+04
1.070600000000000000e+04
2.027000000000000000e+03
5.140000000000000000e+03
6.480000000000000000e+03
1.016900000000000000e+04
8.021000000000000000e+03
4.682000000000000000e+03
1.295200000000000000e+04
5.154000000000000000e+03
1.360500000000000000e+04
9.142000000000000000e+03
2.250000000000000000e+03
1.564000000000000000e+03
1.332000000000000000e+04
1.792000000000000000e+03
7.874000000000000000e+03
1.291200000000000000e+04
4.900000000000000000e+01
8.247000000000000000e+03
1.911000000000000000e+03
7.482000000000000000e+03
1.291900000000000000e+04
7.077000000000000000e+03
5.676000000000000000e+03
3.389000000000000000e+03
2.659000000000000000e+03
6.178000000000000000e+03
