1.196600000000000000e+04
1.234700000000000000e+04
8.764000000000000000e+03
1.445600000000000000e+04
2.060100000000000000e+04
5.074000000000000000e+03
1.644000000000000000e+04
1.951000000000000000e+03
7.160000000000000000e+02
5.560000000000000000e+02
1.882500000000000000e+04
1.572800000000000000e+04
7.200000000000000000e+01
1.465900000000000000e+04
6.295000000000000000e+03
3.857000000000000000e+03
4.991000000000000000e+03
1.509700000000000000e+04
2.040400000000000000e+04
1.738200000000000000e+04
2.912000000000000000e+03
5.782000000000000000e+03
2.022600000000000000e+04
1.577000000000000000e+04
1.684100000000000000e+04
2.990000000000000000e+03
2.059500000000000000e+04
4.244000000000000000e+03
6.708000000000000000e+03
9.503000000000000000e+03
1.825400000000000000e+04
1.561500000000000000e+04
1.310900000000000000e+04
1.041700000000000000e+04
1.524200000000000000e+04
9.300000000000000000e+02
5.756000000000000000e+03
5.046000000000000000e+03
1.193500000000000000e+04
1.581600000000000000e+04
1.462100000000000000e+04
9.273000000000000000e+03
7.639000000000000000e+03
1.222800000000000000e+04
1.733000000000000000e+03
1.340000000000000000e+04
1.715300000000000000e+04
1.730700000000000000e+04
1.344300000000000000e+04
1.001600000000000000e+04
6.333000000000000000e+03
1.394000000000000000e+04
6.065000000000000000e+03
1.189600000000000000e+04
1.114800000000000000e+04
1.363200000000000000e+04
4.212000000000000000e+03
2.855000000000000000e+03
6.072000000000000000e+03
1.711700000000000000e+04
1.227000000000000000e+03
3.760000000000000000e+02
1.304900000000000000e+04
3.507000000000000000e+03
1.981900000000000000e+04
9.293000000000000000e+03
1.287000000000000000e+04
6.548000000000000000e+03
1.557300000000000000e+04
1.046000000000000000e+03
1.524800000000000000e+04
2.325000000000000000e+03
1.072000000000000000e+03
5.621000000000000000e+03
3.320000000000000000e+02
7.040000000000000000e+03
1.170600000000000000e+04
4.276000000000000000e+03
1.889500000000000000e+04
7.131000000000000000e+03
2.050000000000000000e+03
1.978200000000000000e+04
1.735800000000000000e+04
1.164700000000000000e+04
9.812000000000000000e+03
1.938700000000000000e+04
1.815200000000000000e+04
1.846900000000000000e+04
1.657800000000000000e+04
2.990000000000000000e+02
8.574000000000000000e+03
1.517600000000000000e+04
1.128600000000000000e+04
4.180000000000000000e+02
5.700000000000000000e+03
1.707100000000000000e+04
3.744000000000000000e+03
1.529000000000000000e+04
1.708500000000000000e+04
5.466000000000000000e+03
4.633000000000000000e+03
8.542000000000000000e+03
1.084000000000000000e+04
6.670000000000000000e+02
1.951900000000000000e+04
1.453800000000000000e+04
1.264900000000000000e+04
1.050800000000000000e+04
2.003000000000000000e+04
1.467000000000000000e+04
6.174000000000000000e+03
1.043900000000000000e+04
1.444800000000000000e+04
7.664000000000000000e+03
1.738100000000000000e+04
4.734000000000000000e+03
1.820400000000000000e+04
1.323400000000000000e+04
2.017000000000000000e+04
1.484000000000000000e+03
1.046400000000000000e+04
4.316000000000000000e+03
1.395200000000000000e+04
1.849200000000000000e+04
6.533000000000000000e+03
6.945000000000000000e+03
1.731500000000000000e+04
2.031000000000000000e+04
1.329700000000000000e+04
1.988300000000000000e+04
5.620000000000000000e+02
8.410000000000000000e+02
1.552900000000000000e+04
2.040100000000000000e+04
1.761400000000000000e+04
7.110000000000000000e+02
2.223000000000000000e+03
9.972000000000000000e+03
3.258000000000000000e+03
1.438700000000000000e+04
3.234000000000000000e+03
1.511500000000000000e+04
8.380000000000000000e+02
1.491300000000000000e+04
7.230000000000000000e+02
8.980000000000000000e+03
1.137200000000000000e+04
1.037500000000000000e+04
1.137900000000000000e+04
1.670200000000000000e+04
1.096200000000000000e+04
2.010000000000000000e+02
1.948400000000000000e+04
1.468600000000000000e+04
1.288100000000000000e+04
1.647600000000000000e+04
1.504300000000000000e+04
5.106000000000000000e+03
1.137600000000000000e+04
1.416100000000000000e+04
5.007000000000000000e+03
1.547500000000000000e+04
8.773000000000000000e+03
9.796000000000000000e+03
1.540100000000000000e+04
1.781600000000000000e+04
6.655000000000000000e+03
2.942000000000000000e+03
1.394000000000000000e+03
7.081000000000000000e+03
2.008600000000000000e+04
1.587800000000000000e+04
4.597000000000000000e+03
8.251000000000000000e+03
1.984200000000000000e+04
1.597000000000000000e+03
1.096000000000000000e+03
9.727000000000000000e+03
1.141400000000000000e+04
1.999900000000000000e+04
6.742000000000000000e+03
1.168300000000000000e+04
1.128100000000000000e+04
1.638600000000000000e+04
1.473400000000000000e+04
1.389000000000000000e+04
1.177000000000000000e+03
1.112000000000000000e+04
1.300000000000000000e+02
4.855000000000000000e+03
3.048000000000000000e+03
3.790000000000000000e+03
5.965000000000000000e+03
6.634000000000000000e+03
3.914000000000000000e+03
3.781000000000000000e+03
2.666000000000000000e+03
1.073800000000000000e+04
1.963500000000000000e+04
7.159000000000000000e+03
1.430000000000000000e+04
1.834700000000000000e+04
2.018900000000000000e+04
6.975000000000000000e+03
1.337000000000000000e+04
1.906500000000000000e+04
1.150000000000000000e+03
8.280000000000000000e+02
4.947000000000000000e+03
4.711000000000000000e+03
1.930700000000000000e+04
1.655500000000000000e+04
1.635500000000000000e+04
9.407000000000000000e+03
1.370100000000000000e+04
6.030000000000000000e+03
1.512200000000000000e+04
1.216000000000000000e+04
1.658600000000000000e+04
2.003500000000000000e+04
1.275700000000000000e+04
8.145000000000000000e+03
1.546900000000000000e+04
1.435800000000000000e+04
3.516000000000000000e+03
9.229000000000000000e+03
1.169100000000000000e+04
1.278700000000000000e+04
9.325000000000000000e+03
1.075200000000000000e+04
1.741100000000000000e+04
2.062000000000000000e+04
1.777000000000000000e+03
1.405600000000000000e+04
1.130500000000000000e+04
4.158000000000000000e+03
1.113700000000000000e+04
4.896000000000000000e+03
1.389500000000000000e+04
1.174900000000000000e+04
1.369700000000000000e+04
1.136200000000000000e+04
3.151000000000000000e+03
3.453000000000000000e+03
9.242000000000000000e+03
9.938000000000000000e+03
2.762000000000000000e+03
1.107500000000000000e+04
1.410100000000000000e+04
2.008900000000000000e+04
1.807900000000000000e+04
4.555000000000000000e+03
6.461000000000000000e+03
1.442600000000000000e+04
1.863200000000000000e+04
1.486700000000000000e+04
7.691000000000000000e+03
2.679000000000000000e+03
7.258000000000000000e+03
6.842000000000000000e+03
1.164400000000000000e+04
4.607000000000000000e+03
3.250000000000000000e+02
5.776000000000000000e+03
1.998200000000000000e+04
1.541000000000000000e+04
7.782000000000000000e+03
5.828000000000000000e+03
8.475000000000000000e+03
1.397500000000000000e+04
2.400000000000000000e+01
2.305000000000000000e+03
1.760000000000000000e+02
1.100000000000000000e+01
1.593400000000000000e+04
1.341600000000000000e+04
1.858500000000000000e+04
9.306000000000000000e+03
1.694900000000000000e+04
1.508300000000000000e+04
1.524600000000000000e+04
1.192600000000000000e+04
7.760000000000000000e+02
2.534000000000000000e+03
1.270500000000000000e+04
3.345000000000000000e+03
7.265000000000000000e+03
7.047000000000000000e+03
2.057900000000000000e+04
1.041500000000000000e+04
1.680800000000000000e+04
1.899800000000000000e+04
3.457000000000000000e+03
1.473300000000000000e+04
8.588000000000000000e+03
9.170000000000000000e+02
2.410000000000000000e+03
2.073000000000000000e+03
2.007500000000000000e+04
5.630000000000000000e+02
2.160000000000000000e+03
3.001000000000000000e+03
1.173800000000000000e+04
1.282400000000000000e+04
4.815000000000000000e+03
1.316400000000000000e+04
1.709900000000000000e+04
8.075000000000000000e+03
1.857400000000000000e+04
1.115100000000000000e+04
8.736000000000000000e+03
1.916200000000000000e+04
2.487000000000000000e+03
8.800000000000000000e+03
8.628000000000000000e+03
9.582000000000000000e+03
7.207000000000000000e+03
9.877000000000000000e+03
1.161100000000000000e+04
1.512600000000000000e+04
1.281200000000000000e+04
6.883000000000000000e+03
1.140100000000000000e+04
1.077600000000000000e+04
1.092400000000000000e+04
1.829600000000000000e+04
1.580300000000000000e+04
8.539000000000000000e+03
4.824000000000000000e+03
1.419000000000000000e+03
1.743300000000000000e+04
2.002400000000000000e+04
4.483000000000000000e+03
1.870300000000000000e+04
5.800000000000000000e+01
2.819000000000000000e+03
1.817000000000000000e+04
1.573700000000000000e+04
1.315900000000000000e+04
1.325000000000000000e+04
1.164100000000000000e+04
2.464000000000000000e+03
2.677000000000000000e+03
1.701500000000000000e+04
1.292000000000000000e+03
1.214600000000000000e+04
1.846500000000000000e+04
5.634000000000000000e+03
5.936000000000000000e+03
3.549000000000000000e+03
1.000900000000000000e+04
1.779700000000000000e+04
3.189000000000000000e+03
1.128700000000000000e+04
4.841000000000000000e+03
6.280000000000000000e+03
1.144300000000000000e+04
6.745000000000000000e+03
1.067300000000000000e+04
1.347600000000000000e+04
5.251000000000000000e+03
1.556300000000000000e+04
7.299000000000000000e+03
8.140000000000000000e+02
4.620000000000000000e+02
3.380000000000000000e+02
2.642000000000000000e+03
1.296300000000000000e+04
5.093000000000000000e+03
1.631700000000000000e+04
7.843000000000000000e+03
1.612500000000000000e+04
1.777500000000000000e+04
1.977000000000000000e+04
1.249200000000000000e+04
1.059700000000000000e+04
9.745000000000000000e+03
1.576600000000000000e+04
1.497000000000000000e+03
7.331000000000000000e+03
1.739000000000000000e+04
4.452000000000000000e+03
1.419700000000000000e+04
9.551000000000000000e+03
8.620000000000000000e+02
6.218000000000000000e+03
1.217900000000000000e+04
1.790000000000000000e+03
1.794700000000000000e+04
8.150000000000000000e+02
1.359200000000000000e+04
3.137000000000000000e+03
2.853000000000000000e+03
5.032000000000000000e+03
1.681700000000000000e+04
5.339000000000000000e+03
7.038000000000000000e+03
3.306000000000000000e+03
1.012000000000000000e+03
1.927800000000000000e+04
9.755000000000000000e+03
1.968800000000000000e+04
1.360100000000000000e+04
4.259000000000000000e+03
5.633000000000000000e+03
8.162000000000000000e+03
3.235000000000000000e+03
2.576000000000000000e+03
1.355000000000000000e+03
8.507000000000000000e+03
1.511000000000000000e+04
4.410000000000000000e+02
6.773000000000000000e+03
5.143000000000000000e+03
5.844000000000000000e+03
1.313700000000000000e+04
3.159000000000000000e+03
3.070000000000000000e+03
1.798000000000000000e+04
1.715100000000000000e+04
2.204000000000000000e+03
1.781900000000000000e+04
9.339000000000000000e+03
1.477700000000000000e+04
2.758000000000000000e+03
1.169900000000000000e+04
2.282000000000000000e+03
1.799100000000000000e+04
3.614000000000000000e+03
1.725100000000000000e+04
5.896000000000000000e+03
8.912000000000000000e+03
1.322100000000000000e+04
1.007300000000000000e+04
1.339700000000000000e+04
1.486900000000000000e+04
5.368000000000000000e+03
4.715000000000000000e+03
4.762000000000000000e+03
1.500000000000000000e+02
1.936100000000000000e+04
7.678000000000000000e+03
9.669000000000000000e+03
1.601100000000000000e+04
1.857800000000000000e+04
1.213600000000000000e+04
1.906000000000000000e+04
1.193000000000000000e+03
5.826000000000000000e+03
1.716500000000000000e+04
1.645800000000000000e+04
1.599800000000000000e+04
9.140000000000000000e+02
8.091000000000000000e+03
6.740000000000000000e+02
1.207600000000000000e+04
1.295800000000000000e+04
9.571000000000000000e+03
1.092000000000000000e+04
1.712800000000000000e+04
1.144900000000000000e+04
1.983000000000000000e+03
9.158000000000000000e+03
7.838000000000000000e+03
7.987000000000000000e+03
6.059000000000000000e+03
3.959000000000000000e+03
2.345000000000000000e+03
4.013000000000000000e+03
3.817000000000000000e+03
1.870900000000000000e+04
5.016000000000000000e+03
1.152000000000000000e+03
1.983200000000000000e+04
1.329600000000000000e+04
5.767000000000000000e+03
6.970000000000000000e+02
1.587000000000000000e+03
8.302000000000000000e+03
6.835000000000000000e+03
5.667000000000000000e+03
1.194200000000000000e+04
3.904000000000000000e+03
3.577000000000000000e+03
1.633900000000000000e+04
9.405000000000000000e+03
8.600000000000000000e+01
1.210800000000000000e+04
1.976700000000000000e+04
2.035300000000000000e+04
6.794000000000000000e+03
5.642000000000000000e+03
8.419000000000000000e+03
1.060900000000000000e+04
8.054000000000000000e+03
1.378800000000000000e+04
6.671000000000000000e+03
1.324400000000000000e+04
2.167000000000000000e+03
1.419900000000000000e+04
7.898000000000000000e+03
1.169500000000000000e+04
8.095000000000000000e+03
1.846600000000000000e+04
1.354900000000000000e+04
7.170000000000000000e+03
1.546800000000000000e+04
9.803000000000000000e+03
1.003200000000000000e+04
1.361400000000000000e+04
1.977500000000000000e+04
1.020000000000000000e+04
1.955300000000000000e+04
1.780700000000000000e+04
1.254100000000000000e+04
1.552400000000000000e+04
7.430000000000000000e+02
6.448000000000000000e+03
1.634300000000000000e+04
1.707900000000000000e+04
1.746500000000000000e+04
1.711600000000000000e+04
1.163000000000000000e+04
1.985000000000000000e+03
9.968000000000000000e+03
1.806200000000000000e+04
1.991200000000000000e+04
1.093600000000000000e+04
1.149200000000000000e+04
1.499700000000000000e+04
1.680000000000000000e+04
7.720000000000000000e+02
1.229800000000000000e+04
9.842000000000000000e+03
9.460000000000000000e+03
1.380400000000000000e+04
2.058600000000000000e+04
7.905000000000000000e+03
3.410000000000000000e+03
2.967000000000000000e+03
8.407000000000000000e+03
3.836000000000000000e+03
6.504000000000000000e+03
2.913000000000000000e+03
1.643300000000000000e+04
1.807800000000000000e+04
1.138400000000000000e+04
9.658000000000000000e+03
9.956000000000000000e+03
1.671400000000000000e+04
1.919500000000000000e+04
1.026500000000000000e+04
1.907100000000000000e+04
2.013100000000000000e+04
9.109000000000000000e+03
6.215000000000000000e+03
2.916000000000000000e+03
1.277200000000000000e+04
2.710000000000000000e+02
1.383400000000000000e+04
6.250000000000000000e+03
6.984000000000000000e+03
8.809000000000000000e+03
1.523000000000000000e+04
8.862000000000000000e+03
1.912600000000000000e+04
2.032800000000000000e+04
1.773000000000000000e+03
1.174400000000000000e+04
1.114000000000000000e+04
4.055000000000000000e+03
1.761600000000000000e+04
8.819000000000000000e+03
1.494500000000000000e+04
1.240500000000000000e+04
1.174000000000000000e+04
5.369000000000000000e+03
1.015000000000000000e+04
1.286900000000000000e+04
1.585000000000000000e+04
1.542400000000000000e+04
5.441000000000000000e+03
6.294000000000000000e+03
1.401000000000000000e+03
1.994900000000000000e+04
1.857100000000000000e+04
7.679000000000000000e+03
1.853500000000000000e+04
1.844300000000000000e+04
1.591000000000000000e+04
1.773100000000000000e+04
2.248000000000000000e+03
1.778400000000000000e+04
1.680700000000000000e+04
9.494000000000000000e+03
1.362300000000000000e+04
1.660700000000000000e+04
1.442800000000000000e+04
8.620000000000000000e+03
7.824000000000000000e+03
2.446000000000000000e+03
5.380000000000000000e+03
8.467000000000000000e+03
8.687000000000000000e+03
3.053000000000000000e+03
1.329000000000000000e+04
4.090000000000000000e+03
1.443000000000000000e+03
1.897800000000000000e+04
3.762000000000000000e+03
6.180000000000000000e+02
6.646000000000000000e+03
3.684000000000000000e+03
1.201000000000000000e+03
2.495000000000000000e+03
7.748000000000000000e+03
1.455800000000000000e+04
5.649000000000000000e+03
9.000000000000000000e+03
9.034000000000000000e+03
6.430000000000000000e+03
6.343000000000000000e+03
2.060900000000000000e+04
2.739000000000000000e+03
1.016300000000000000e+04
1.480000000000000000e+02
1.843600000000000000e+04
1.072600000000000000e+04
1.815800000000000000e+04
1.900800000000000000e+04
1.795000000000000000e+04
5.481000000000000000e+03
4.550000000000000000e+03
1.027600000000000000e+04
1.846000000000000000e+04
1.024500000000000000e+04
1.708100000000000000e+04
6.718000000000000000e+03
1.876000000000000000e+03
1.685000000000000000e+04
3.312000000000000000e+03
1.997500000000000000e+04
1.936800000000000000e+04
8.816000000000000000e+03
1.576000000000000000e+04
1.506000000000000000e+04
2.038200000000000000e+04
1.603500000000000000e+04
1.590000000000000000e+03
9.865000000000000000e+03
1.431100000000000000e+04
2.761000000000000000e+03
7.221000000000000000e+03
1.057600000000000000e+04
1.401600000000000000e+04
8.925000000000000000e+03
4.480000000000000000e+03
1.624800000000000000e+04
1.239000000000000000e+03
1.206300000000000000e+04
1.482700000000000000e+04
2.260000000000000000e+03
3.344000000000000000e+03
2.238000000000000000e+03
4.573000000000000000e+03
1.107700000000000000e+04
5.102000000000000000e+03
2.055500000000000000e+04
1.697700000000000000e+04
5.623000000000000000e+03
6.978000000000000000e+03
1.532000000000000000e+04
1.711300000000000000e+04
4.057000000000000000e+03
1.194900000000000000e+04
1.373900000000000000e+04
5.785000000000000000e+03
1.527300000000000000e+04
2.976000000000000000e+03
1.072300000000000000e+04
1.660000000000000000e+02
8.752000000000000000e+03
8.727000000000000000e+03
1.182800000000000000e+04
1.916100000000000000e+04
8.356000000000000000e+03
1.758500000000000000e+04
2.433000000000000000e+03
7.287000000000000000e+03
1.008500000000000000e+04
1.042600000000000000e+04
1.311100000000000000e+04
5.975000000000000000e+03
1.584500000000000000e+04
1.263400000000000000e+04
1.306400000000000000e+04
2.036600000000000000e+04
1.547700000000000000e+04
1.658900000000000000e+04
2.752000000000000000e+03
1.620100000000000000e+04
1.235300000000000000e+04
1.731700000000000000e+04
1.523600000000000000e+04
2.023700000000000000e+04
8.040000000000000000e+02
3.147000000000000000e+03
1.869500000000000000e+04
1.619700000000000000e+04
8.149000000000000000e+03
8.350000000000000000e+02
1.819700000000000000e+04
1.740800000000000000e+04
9.686000000000000000e+03
1.773400000000000000e+04
1.577500000000000000e+04
5.021000000000000000e+03
9.784000000000000000e+03
1.873200000000000000e+04
1.786700000000000000e+04
3.680000000000000000e+03
1.926700000000000000e+04
2.034400000000000000e+04
1.553100000000000000e+04
5.477000000000000000e+03
9.342000000000000000e+03
8.831000000000000000e+03
5.527000000000000000e+03
2.935000000000000000e+03
1.397000000000000000e+03
5.846000000000000000e+03
1.961400000000000000e+04
9.876000000000000000e+03
1.698500000000000000e+04
1.467000000000000000e+03
1.904600000000000000e+04
1.833500000000000000e+04
4.660000000000000000e+02
4.170000000000000000e+02
1.602400000000000000e+04
1.013300000000000000e+04
1.959600000000000000e+04
4.682000000000000000e+03
1.020400000000000000e+04
1.365600000000000000e+04
1.935100000000000000e+04
1.492600000000000000e+04
2.066000000000000000e+03
1.042500000000000000e+04
1.512900000000000000e+04
8.651000000000000000e+03
1.528200000000000000e+04
1.415000000000000000e+04
6.013000000000000000e+03
1.344800000000000000e+04
4.864000000000000000e+03
5.462000000000000000e+03
1.683700000000000000e+04
1.891100000000000000e+04
1.683600000000000000e+04
1.207800000000000000e+04
1.470000000000000000e+03
1.016700000000000000e+04
9.990000000000000000e+02
5.764000000000000000e+03
4.232000000000000000e+03
9.507000000000000000e+03
1.603300000000000000e+04
1.378400000000000000e+04
1.149800000000000000e+04
1.135300000000000000e+04
1.074900000000000000e+04
1.966900000000000000e+04
1.365300000000000000e+04
4.530000000000000000e+03
7.140000000000000000e+03
1.887300000000000000e+04
5.000000000000000000e+01
1.632100000000000000e+04
9.049000000000000000e+03
1.930000000000000000e+02
1.638000000000000000e+04
7.163000000000000000e+03
1.838500000000000000e+04
1.413300000000000000e+04
1.080000000000000000e+03
1.211100000000000000e+04
5.707000000000000000e+03
6.399000000000000000e+03
1.335900000000000000e+04
9.462000000000000000e+03
2.035700000000000000e+04
1.168500000000000000e+04
8.584000000000000000e+03
1.622300000000000000e+04
1.421600000000000000e+04
1.700200000000000000e+04
8.712000000000000000e+03
8.109000000000000000e+03
1.014400000000000000e+04
8.988000000000000000e+03
1.646800000000000000e+04
1.904000000000000000e+03
1.697600000000000000e+04
7.794000000000000000e+03
4.100000000000000000e+03
2.480000000000000000e+02
1.115600000000000000e+04
1.623900000000000000e+04
7.478000000000000000e+03
5.280000000000000000e+02
1.386000000000000000e+04
2.712000000000000000e+03
9.688000000000000000e+03
1.806800000000000000e+04
1.475600000000000000e+04
1.677100000000000000e+04
5.563000000000000000e+03
1.354100000000000000e+04
1.245900000000000000e+04
1.747600000000000000e+04
4.179000000000000000e+03
3.307000000000000000e+03
1.290600000000000000e+04
1.821400000000000000e+04
1.311000000000000000e+03
6.661000000000000000e+03
1.069400000000000000e+04
9.286000000000000000e+03
1.071800000000000000e+04
8.845000000000000000e+03
9.793000000000000000e+03
1.815500000000000000e+04
6.935000000000000000e+03
9.186000000000000000e+03
1.288700000000000000e+04
5.283000000000000000e+03
2.058400000000000000e+04
5.920000000000000000e+03
1.539100000000000000e+04
9.856000000000000000e+03
1.865000000000000000e+04
4.533000000000000000e+03
6.074000000000000000e+03
1.460300000000000000e+04
6.845000000000000000e+03
1.425900000000000000e+04
9.324000000000000000e+03
2.001000000000000000e+03
5.694000000000000000e+03
6.015000000000000000e+03
1.270400000000000000e+04
1.188300000000000000e+04
6.723000000000000000e+03
7.003000000000000000e+03
3.091000000000000000e+03
3.949000000000000000e+03
1.979100000000000000e+04
1.672900000000000000e+04
3.340000000000000000e+03
1.550000000000000000e+04
8.360000000000000000e+03
1.152600000000000000e+04
9.313000000000000000e+03
5.145000000000000000e+03
1.661000000000000000e+04
1.847500000000000000e+04
5.548000000000000000e+03
7.476000000000000000e+03
3.051000000000000000e+03
5.817000000000000000e+03
1.285200000000000000e+04
1.267600000000000000e+04
1.289300000000000000e+04
1.913000000000000000e+03
1.018000000000000000e+03
1.883200000000000000e+04
1.650900000000000000e+04
1.115800000000000000e+04
1.645300000000000000e+04
6.282000000000000000e+03
5.284000000000000000e+03
1.915000000000000000e+04
4.017000000000000000e+03
3.255000000000000000e+03
2.911000000000000000e+03
1.212900000000000000e+04
1.520000000000000000e+02
6.837000000000000000e+03
6.283000000000000000e+03
6.390000000000000000e+02
1.087100000000000000e+04
9.572000000000000000e+03
1.536400000000000000e+04
1.848100000000000000e+04
1.779900000000000000e+04
1.869100000000000000e+04
1.343600000000000000e+04
4.496000000000000000e+03
1.670300000000000000e+04
1.867900000000000000e+04
4.302000000000000000e+03
6.081000000000000000e+03
1.816000000000000000e+03
3.259000000000000000e+03
1.457300000000000000e+04
1.808700000000000000e+04
8.586000000000000000e+03
1.893200000000000000e+04
9.279000000000000000e+03
9.993000000000000000e+03
1.505800000000000000e+04
1.855500000000000000e+04
7.960000000000000000e+03
1.433700000000000000e+04
1.258000000000000000e+04
3.582000000000000000e+03
1.001700000000000000e+04
6.170000000000000000e+02
1.775800000000000000e+04
1.605900000000000000e+04
1.449200000000000000e+04
1.818600000000000000e+04
8.137000000000000000e+03
2.930000000000000000e+02
1.368900000000000000e+04
1.454700000000000000e+04
1.162900000000000000e+04
7.531000000000000000e+03
2.113000000000000000e+03
1.720800000000000000e+04
1.616500000000000000e+04
1.785800000000000000e+04
1.898700000000000000e+04
1.515000000000000000e+03
1.908500000000000000e+04
6.008000000000000000e+03
1.476300000000000000e+04
8.322000000000000000e+03
1.849600000000000000e+04
7.663000000000000000e+03
1.761500000000000000e+04
4.000000000000000000e+00
1.146400000000000000e+04
1.538300000000000000e+04
8.187000000000000000e+03
1.195900000000000000e+04
1.109100000000000000e+04
8.551000000000000000e+03
1.787500000000000000e+04
1.375300000000000000e+04
1.072900000000000000e+04
1.250200000000000000e+04
5.818000000000000000e+03
1.031200000000000000e+04
1.148500000000000000e+04
1.094900000000000000e+04
1.701900000000000000e+04
9.309000000000000000e+03
7.447000000000000000e+03
1.766500000000000000e+04
1.190100000000000000e+04
1.203900000000000000e+04
1.063100000000000000e+04
1.717800000000000000e+04
8.796000000000000000e+03
2.390000000000000000e+02
1.523900000000000000e+04
7.979000000000000000e+03
9.495000000000000000e+03
8.452000000000000000e+03
1.584800000000000000e+04
1.772800000000000000e+04
1.776800000000000000e+04
7.603000000000000000e+03
1.420300000000000000e+04
1.896100000000000000e+04
1.752100000000000000e+04
4.516000000000000000e+03
1.491400000000000000e+04
1.443400000000000000e+04
1.156000000000000000e+04
1.259400000000000000e+04
6.656000000000000000e+03
8.325000000000000000e+03
1.347100000000000000e+04
6.540000000000000000e+03
1.969000000000000000e+03
1.912300000000000000e+04
2.925000000000000000e+03
1.780200000000000000e+04
7.312000000000000000e+03
1.536000000000000000e+04
8.859000000000000000e+03
1.834800000000000000e+04
1.377800000000000000e+04
6.539000000000000000e+03
5.680000000000000000e+03
1.539400000000000000e+04
2.037000000000000000e+04
